2023/10/08-13:45:33.436152 7f43cbae5cc0 RocksDB version: 6.17.0
2023/10/08-13:45:33.436633 7f43cbae5cc0 Git sha 0
2023/10/08-13:45:33.436751 7f43cbae5cc0 DB SUMMARY
2023/10/08-13:45:33.436756 7f43cbae5cc0 DB Session ID:  ZLLYT2T7YOSCYNLJBZ9E
2023/10/08-13:45:33.436849 7f43cbae5cc0 CURRENT file:  CURRENT
2023/10/08-13:45:33.436853 7f43cbae5cc0 IDENTITY file:  IDENTITY
2023/10/08-13:45:33.436865 7f43cbae5cc0 MANIFEST file:  MANIFEST-000081 size: 1087 Bytes
2023/10/08-13:45:33.436870 7f43cbae5cc0 SST files in /home/ecr/ic-projects/dbank/.dfx/state/replicated_state/node-100/ic_consensus_pool/certification dir, Total Num: 2, files: 000085.sst 000086.sst 
2023/10/08-13:45:33.436873 7f43cbae5cc0 Write Ahead Log file in /home/ecr/ic-projects/dbank/.dfx/state/replicated_state/node-100/ic_consensus_pool/certification: 000082.log size: 29820 ; 
2023/10/08-13:45:33.436877 7f43cbae5cc0                         Options.error_if_exists: 0
2023/10/08-13:45:33.436881 7f43cbae5cc0                       Options.create_if_missing: 1
2023/10/08-13:45:33.436883 7f43cbae5cc0                         Options.paranoid_checks: 1
2023/10/08-13:45:33.436886 7f43cbae5cc0                               Options.track_and_verify_wals_in_manifest: 0
2023/10/08-13:45:33.436888 7f43cbae5cc0                                     Options.env: 0x562f5aa1f380
2023/10/08-13:45:33.436891 7f43cbae5cc0                                      Options.fs: Posix File System
2023/10/08-13:45:33.436894 7f43cbae5cc0                                Options.info_log: 0x562f94836fa0
2023/10/08-13:45:33.436896 7f43cbae5cc0                Options.max_file_opening_threads: 16
2023/10/08-13:45:33.436898 7f43cbae5cc0                              Options.statistics: (nil)
2023/10/08-13:45:33.436901 7f43cbae5cc0                               Options.use_fsync: 1
2023/10/08-13:45:33.436904 7f43cbae5cc0                       Options.max_log_file_size: 0
2023/10/08-13:45:33.436906 7f43cbae5cc0                  Options.max_manifest_file_size: 1073741824
2023/10/08-13:45:33.436908 7f43cbae5cc0                   Options.log_file_time_to_roll: 0
2023/10/08-13:45:33.436911 7f43cbae5cc0                       Options.keep_log_file_num: 1000
2023/10/08-13:45:33.436913 7f43cbae5cc0                    Options.recycle_log_file_num: 0
2023/10/08-13:45:33.436915 7f43cbae5cc0                         Options.allow_fallocate: 1
2023/10/08-13:45:33.436918 7f43cbae5cc0                        Options.allow_mmap_reads: 0
2023/10/08-13:45:33.436920 7f43cbae5cc0                       Options.allow_mmap_writes: 0
2023/10/08-13:45:33.436922 7f43cbae5cc0                        Options.use_direct_reads: 0
2023/10/08-13:45:33.436925 7f43cbae5cc0                        Options.use_direct_io_for_flush_and_compaction: 0
2023/10/08-13:45:33.436927 7f43cbae5cc0          Options.create_missing_column_families: 1
2023/10/08-13:45:33.436929 7f43cbae5cc0                              Options.db_log_dir: 
2023/10/08-13:45:33.436931 7f43cbae5cc0                                 Options.wal_dir: /home/ecr/ic-projects/dbank/.dfx/state/replicated_state/node-100/ic_consensus_pool/certification
2023/10/08-13:45:33.436934 7f43cbae5cc0                Options.table_cache_numshardbits: 6
2023/10/08-13:45:33.436936 7f43cbae5cc0                         Options.WAL_ttl_seconds: 0
2023/10/08-13:45:33.436938 7f43cbae5cc0                       Options.WAL_size_limit_MB: 0
2023/10/08-13:45:33.436941 7f43cbae5cc0                        Options.max_write_batch_group_size_bytes: 1048576
2023/10/08-13:45:33.436943 7f43cbae5cc0             Options.manifest_preallocation_size: 4194304
2023/10/08-13:45:33.436945 7f43cbae5cc0                     Options.is_fd_close_on_exec: 1
2023/10/08-13:45:33.436948 7f43cbae5cc0                   Options.advise_random_on_open: 1
2023/10/08-13:45:33.436950 7f43cbae5cc0                    Options.db_write_buffer_size: 0
2023/10/08-13:45:33.436952 7f43cbae5cc0                    Options.write_buffer_manager: 0x562f94938db0
2023/10/08-13:45:33.436955 7f43cbae5cc0         Options.access_hint_on_compaction_start: 1
2023/10/08-13:45:33.436957 7f43cbae5cc0  Options.new_table_reader_for_compaction_inputs: 0
2023/10/08-13:45:33.436993 7f43cbae5cc0           Options.random_access_max_buffer_size: 1048576
2023/10/08-13:45:33.436996 7f43cbae5cc0                      Options.use_adaptive_mutex: 0
2023/10/08-13:45:33.436998 7f43cbae5cc0                            Options.rate_limiter: (nil)
2023/10/08-13:45:33.437002 7f43cbae5cc0     Options.sst_file_manager.rate_bytes_per_sec: 0
2023/10/08-13:45:33.437004 7f43cbae5cc0                       Options.wal_recovery_mode: 2
2023/10/08-13:45:33.437006 7f43cbae5cc0                  Options.enable_thread_tracking: 0
2023/10/08-13:45:33.437008 7f43cbae5cc0                  Options.enable_pipelined_write: 0
2023/10/08-13:45:33.437011 7f43cbae5cc0                  Options.unordered_write: 0
2023/10/08-13:45:33.437013 7f43cbae5cc0         Options.allow_concurrent_memtable_write: 1
2023/10/08-13:45:33.437015 7f43cbae5cc0      Options.enable_write_thread_adaptive_yield: 1
2023/10/08-13:45:33.437017 7f43cbae5cc0             Options.write_thread_max_yield_usec: 100
2023/10/08-13:45:33.437020 7f43cbae5cc0            Options.write_thread_slow_yield_usec: 3
2023/10/08-13:45:33.437022 7f43cbae5cc0                               Options.row_cache: None
2023/10/08-13:45:33.437024 7f43cbae5cc0                              Options.wal_filter: None
2023/10/08-13:45:33.437027 7f43cbae5cc0             Options.avoid_flush_during_recovery: 0
2023/10/08-13:45:33.437029 7f43cbae5cc0             Options.allow_ingest_behind: 0
2023/10/08-13:45:33.437032 7f43cbae5cc0             Options.preserve_deletes: 0
2023/10/08-13:45:33.437034 7f43cbae5cc0             Options.two_write_queues: 0
2023/10/08-13:45:33.437036 7f43cbae5cc0             Options.manual_wal_flush: 0
2023/10/08-13:45:33.437038 7f43cbae5cc0             Options.atomic_flush: 0
2023/10/08-13:45:33.437040 7f43cbae5cc0             Options.avoid_unnecessary_blocking_io: 0
2023/10/08-13:45:33.437042 7f43cbae5cc0                 Options.persist_stats_to_disk: 0
2023/10/08-13:45:33.437045 7f43cbae5cc0                 Options.write_dbid_to_manifest: 0
2023/10/08-13:45:33.437047 7f43cbae5cc0                 Options.log_readahead_size: 0
2023/10/08-13:45:33.437049 7f43cbae5cc0                 Options.file_checksum_gen_factory: Unknown
2023/10/08-13:45:33.437052 7f43cbae5cc0                 Options.best_efforts_recovery: 0
2023/10/08-13:45:33.437054 7f43cbae5cc0                Options.max_bgerror_resume_count: 2147483647
2023/10/08-13:45:33.437056 7f43cbae5cc0            Options.bgerror_resume_retry_interval: 1000000
2023/10/08-13:45:33.437058 7f43cbae5cc0             Options.allow_data_in_errors: 0
2023/10/08-13:45:33.437061 7f43cbae5cc0             Options.db_host_id: __hostname__
2023/10/08-13:45:33.437063 7f43cbae5cc0             Options.max_background_jobs: 2
2023/10/08-13:45:33.437065 7f43cbae5cc0             Options.max_background_compactions: -1
2023/10/08-13:45:33.437067 7f43cbae5cc0             Options.max_subcompactions: 1
2023/10/08-13:45:33.437070 7f43cbae5cc0             Options.avoid_flush_during_shutdown: 0
2023/10/08-13:45:33.437072 7f43cbae5cc0           Options.writable_file_max_buffer_size: 1048576
2023/10/08-13:45:33.437074 7f43cbae5cc0             Options.delayed_write_rate : 16777216
2023/10/08-13:45:33.437077 7f43cbae5cc0             Options.max_total_wal_size: 0
2023/10/08-13:45:33.437079 7f43cbae5cc0             Options.delete_obsolete_files_period_micros: 21600000000
2023/10/08-13:45:33.437081 7f43cbae5cc0                   Options.stats_dump_period_sec: 600
2023/10/08-13:45:33.437084 7f43cbae5cc0                 Options.stats_persist_period_sec: 600
2023/10/08-13:45:33.437086 7f43cbae5cc0                 Options.stats_history_buffer_size: 1048576
2023/10/08-13:45:33.437089 7f43cbae5cc0                          Options.max_open_files: -1
2023/10/08-13:45:33.437091 7f43cbae5cc0                          Options.bytes_per_sync: 0
2023/10/08-13:45:33.437093 7f43cbae5cc0                      Options.wal_bytes_per_sync: 0
2023/10/08-13:45:33.437095 7f43cbae5cc0                   Options.strict_bytes_per_sync: 0
2023/10/08-13:45:33.437098 7f43cbae5cc0       Options.compaction_readahead_size: 0
2023/10/08-13:45:33.437119 7f43cbae5cc0                  Options.max_background_flushes: -1
2023/10/08-13:45:33.437122 7f43cbae5cc0 Compression algorithms supported:
2023/10/08-13:45:33.437125 7f43cbae5cc0 	kZSTDNotFinalCompression supported: 1
2023/10/08-13:45:33.437128 7f43cbae5cc0 	kZSTD supported: 1
2023/10/08-13:45:33.437131 7f43cbae5cc0 	kXpressCompression supported: 0
2023/10/08-13:45:33.437133 7f43cbae5cc0 	kLZ4HCCompression supported: 1
2023/10/08-13:45:33.437136 7f43cbae5cc0 	kLZ4Compression supported: 1
2023/10/08-13:45:33.437138 7f43cbae5cc0 	kBZip2Compression supported: 1
2023/10/08-13:45:33.437141 7f43cbae5cc0 	kZlibCompression supported: 1
2023/10/08-13:45:33.437143 7f43cbae5cc0 	kSnappyCompression supported: 1
2023/10/08-13:45:33.437154 7f43cbae5cc0 Fast CRC32 supported: Supported on x86
2023/10/08-13:45:33.438250 7f43cbae5cc0 [db/version_set.cc:4758] Recovering from manifest file: /home/ecr/ic-projects/dbank/.dfx/state/replicated_state/node-100/ic_consensus_pool/certification/MANIFEST-000081
2023/10/08-13:45:33.438637 7f43cbae5cc0 [db/column_family.cc:595] --------------- Options for column family [default]:
2023/10/08-13:45:33.438647 7f43cbae5cc0               Options.comparator: leveldb.BytewiseComparator
2023/10/08-13:45:33.438650 7f43cbae5cc0           Options.merge_operator: None
2023/10/08-13:45:33.438653 7f43cbae5cc0        Options.compaction_filter: None
2023/10/08-13:45:33.438655 7f43cbae5cc0        Options.compaction_filter_factory: None
2023/10/08-13:45:33.438658 7f43cbae5cc0  Options.sst_partitioner_factory: None
2023/10/08-13:45:33.438660 7f43cbae5cc0         Options.memtable_factory: SkipListFactory
2023/10/08-13:45:33.438662 7f43cbae5cc0            Options.table_factory: BlockBasedTable
2023/10/08-13:45:33.438729 7f43cbae5cc0            table_factory options:   flush_block_policy_factory: FlushBlockBySizePolicyFactory (0x562f947e9bb0)
  cache_index_and_filter_blocks: 0
  cache_index_and_filter_blocks_with_high_priority: 1
  pin_l0_filter_and_index_blocks_in_cache: 0
  pin_top_level_index_and_filter: 1
  index_type: 0
  data_block_index_type: 0
  index_shortening: 1
  data_block_hash_table_util_ratio: 0.750000
  hash_index_allow_collision: 1
  checksum: 1
  no_block_cache: 0
  block_cache: 0x562f94920ea0
  block_cache_name: LRUCache
  block_cache_options:
    capacity : 8388608
    num_shard_bits : 4
    strict_capacity_limit : 0
    memory_allocator : None
    high_pri_pool_ratio: 0.000
  block_cache_compressed: (nil)
  persistent_cache: (nil)
  block_size: 4096
  block_size_deviation: 10
  block_restart_interval: 16
  index_block_restart_interval: 1
  metadata_block_size: 4096
  partition_filters: 0
  use_delta_encoding: 1
  filter_policy: nullptr
  whole_key_filtering: 1
  verify_compression: 0
  read_amp_bytes_per_bit: 0
  format_version: 4
  enable_index_compression: 1
  block_align: 0
2023/10/08-13:45:33.438733 7f43cbae5cc0        Options.write_buffer_size: 67108864
2023/10/08-13:45:33.438736 7f43cbae5cc0  Options.max_write_buffer_number: 2
2023/10/08-13:45:33.438738 7f43cbae5cc0          Options.compression: Snappy
2023/10/08-13:45:33.438741 7f43cbae5cc0                  Options.bottommost_compression: Disabled
2023/10/08-13:45:33.438743 7f43cbae5cc0       Options.prefix_extractor: nullptr
2023/10/08-13:45:33.438746 7f43cbae5cc0   Options.memtable_insert_with_hint_prefix_extractor: nullptr
2023/10/08-13:45:33.438748 7f43cbae5cc0             Options.num_levels: 7
2023/10/08-13:45:33.438750 7f43cbae5cc0        Options.min_write_buffer_number_to_merge: 1
2023/10/08-13:45:33.438752 7f43cbae5cc0     Options.max_write_buffer_number_to_maintain: 0
2023/10/08-13:45:33.438755 7f43cbae5cc0     Options.max_write_buffer_size_to_maintain: 0
2023/10/08-13:45:33.438757 7f43cbae5cc0            Options.bottommost_compression_opts.window_bits: -14
2023/10/08-13:45:33.438760 7f43cbae5cc0                  Options.bottommost_compression_opts.level: 32767
2023/10/08-13:45:33.438762 7f43cbae5cc0               Options.bottommost_compression_opts.strategy: 0
2023/10/08-13:45:33.438881 7f43cbae5cc0         Options.bottommost_compression_opts.max_dict_bytes: 0
2023/10/08-13:45:33.438888 7f43cbae5cc0         Options.bottommost_compression_opts.zstd_max_train_bytes: 0
2023/10/08-13:45:33.438891 7f43cbae5cc0         Options.bottommost_compression_opts.parallel_threads: 1
2023/10/08-13:45:33.438893 7f43cbae5cc0                  Options.bottommost_compression_opts.enabled: false
2023/10/08-13:45:33.438896 7f43cbae5cc0            Options.compression_opts.window_bits: -14
2023/10/08-13:45:33.438898 7f43cbae5cc0                  Options.compression_opts.level: 32767
2023/10/08-13:45:33.438901 7f43cbae5cc0               Options.compression_opts.strategy: 0
2023/10/08-13:45:33.438903 7f43cbae5cc0         Options.compression_opts.max_dict_bytes: 0
2023/10/08-13:45:33.438905 7f43cbae5cc0         Options.compression_opts.zstd_max_train_bytes: 0
2023/10/08-13:45:33.438907 7f43cbae5cc0         Options.compression_opts.parallel_threads: 1
2023/10/08-13:45:33.438909 7f43cbae5cc0                  Options.compression_opts.enabled: false
2023/10/08-13:45:33.438912 7f43cbae5cc0      Options.level0_file_num_compaction_trigger: 4
2023/10/08-13:45:33.438914 7f43cbae5cc0          Options.level0_slowdown_writes_trigger: 20
2023/10/08-13:45:33.438916 7f43cbae5cc0              Options.level0_stop_writes_trigger: 36
2023/10/08-13:45:33.438919 7f43cbae5cc0                   Options.target_file_size_base: 67108864
2023/10/08-13:45:33.438921 7f43cbae5cc0             Options.target_file_size_multiplier: 1
2023/10/08-13:45:33.438923 7f43cbae5cc0                Options.max_bytes_for_level_base: 268435456
2023/10/08-13:45:33.438926 7f43cbae5cc0 Options.level_compaction_dynamic_level_bytes: 0
2023/10/08-13:45:33.438928 7f43cbae5cc0          Options.max_bytes_for_level_multiplier: 10.000000
2023/10/08-13:45:33.438934 7f43cbae5cc0 Options.max_bytes_for_level_multiplier_addtl[0]: 1
2023/10/08-13:45:33.438937 7f43cbae5cc0 Options.max_bytes_for_level_multiplier_addtl[1]: 1
2023/10/08-13:45:33.438940 7f43cbae5cc0 Options.max_bytes_for_level_multiplier_addtl[2]: 1
2023/10/08-13:45:33.438942 7f43cbae5cc0 Options.max_bytes_for_level_multiplier_addtl[3]: 1
2023/10/08-13:45:33.438944 7f43cbae5cc0 Options.max_bytes_for_level_multiplier_addtl[4]: 1
2023/10/08-13:45:33.438947 7f43cbae5cc0 Options.max_bytes_for_level_multiplier_addtl[5]: 1
2023/10/08-13:45:33.438949 7f43cbae5cc0 Options.max_bytes_for_level_multiplier_addtl[6]: 1
2023/10/08-13:45:33.438951 7f43cbae5cc0       Options.max_sequential_skip_in_iterations: 8
2023/10/08-13:45:33.438954 7f43cbae5cc0                    Options.max_compaction_bytes: 1677721600
2023/10/08-13:45:33.438956 7f43cbae5cc0                        Options.arena_block_size: 8388608
2023/10/08-13:45:33.438958 7f43cbae5cc0   Options.soft_pending_compaction_bytes_limit: 68719476736
2023/10/08-13:45:33.438961 7f43cbae5cc0   Options.hard_pending_compaction_bytes_limit: 274877906944
2023/10/08-13:45:33.438963 7f43cbae5cc0       Options.rate_limit_delay_max_milliseconds: 100
2023/10/08-13:45:33.438965 7f43cbae5cc0                Options.disable_auto_compactions: 0
2023/10/08-13:45:33.438971 7f43cbae5cc0                        Options.compaction_style: kCompactionStyleLevel
2023/10/08-13:45:33.438975 7f43cbae5cc0                          Options.compaction_pri: kMinOverlappingRatio
2023/10/08-13:45:33.438977 7f43cbae5cc0 Options.compaction_options_universal.size_ratio: 1
2023/10/08-13:45:33.438979 7f43cbae5cc0 Options.compaction_options_universal.min_merge_width: 2
2023/10/08-13:45:33.438981 7f43cbae5cc0 Options.compaction_options_universal.max_merge_width: 4294967295
2023/10/08-13:45:33.438984 7f43cbae5cc0 Options.compaction_options_universal.max_size_amplification_percent: 200
2023/10/08-13:45:33.438986 7f43cbae5cc0 Options.compaction_options_universal.compression_size_percent: -1
2023/10/08-13:45:33.438990 7f43cbae5cc0 Options.compaction_options_universal.stop_style: kCompactionStopStyleTotalSize
2023/10/08-13:45:33.438992 7f43cbae5cc0 Options.compaction_options_fifo.max_table_files_size: 1073741824
2023/10/08-13:45:33.439035 7f43cbae5cc0 Options.compaction_options_fifo.allow_compaction: 0
2023/10/08-13:45:33.439049 7f43cbae5cc0                   Options.table_properties_collectors: 
2023/10/08-13:45:33.439052 7f43cbae5cc0                   Options.inplace_update_support: 0
2023/10/08-13:45:33.439102 7f43cbae5cc0                 Options.inplace_update_num_locks: 10000
2023/10/08-13:45:33.439106 7f43cbae5cc0               Options.memtable_prefix_bloom_size_ratio: 0.000000
2023/10/08-13:45:33.439111 7f43cbae5cc0               Options.memtable_whole_key_filtering: 0
2023/10/08-13:45:33.439113 7f43cbae5cc0   Options.memtable_huge_page_size: 0
2023/10/08-13:45:33.439116 7f43cbae5cc0                           Options.bloom_locality: 0
2023/10/08-13:45:33.439118 7f43cbae5cc0                    Options.max_successive_merges: 0
2023/10/08-13:45:33.439120 7f43cbae5cc0                Options.optimize_filters_for_hits: 0
2023/10/08-13:45:33.439122 7f43cbae5cc0                Options.paranoid_file_checks: 0
2023/10/08-13:45:33.439125 7f43cbae5cc0                Options.force_consistency_checks: 1
2023/10/08-13:45:33.439127 7f43cbae5cc0                Options.report_bg_io_stats: 0
2023/10/08-13:45:33.439129 7f43cbae5cc0                               Options.ttl: 2592000
2023/10/08-13:45:33.439131 7f43cbae5cc0          Options.periodic_compaction_seconds: 0
2023/10/08-13:45:33.439133 7f43cbae5cc0                    Options.enable_blob_files: false
2023/10/08-13:45:33.439136 7f43cbae5cc0                        Options.min_blob_size: 0
2023/10/08-13:45:33.439138 7f43cbae5cc0                       Options.blob_file_size: 268435456
2023/10/08-13:45:33.439141 7f43cbae5cc0                Options.blob_compression_type: NoCompression
2023/10/08-13:45:33.439144 7f43cbae5cc0       Options.enable_blob_garbage_collection: false
2023/10/08-13:45:33.439146 7f43cbae5cc0   Options.blob_garbage_collection_age_cutoff: 0.250000
2023/10/08-13:45:33.440269 7f43cbae5cc0 [db/column_family.cc:595] --------------- Options for column family [CE]:
2023/10/08-13:45:33.440282 7f43cbae5cc0               Options.comparator: leveldb.BytewiseComparator
2023/10/08-13:45:33.440285 7f43cbae5cc0           Options.merge_operator: None
2023/10/08-13:45:33.440289 7f43cbae5cc0        Options.compaction_filter: filter_outdated
2023/10/08-13:45:33.440292 7f43cbae5cc0        Options.compaction_filter_factory: None
2023/10/08-13:45:33.440294 7f43cbae5cc0  Options.sst_partitioner_factory: None
2023/10/08-13:45:33.440297 7f43cbae5cc0         Options.memtable_factory: SkipListFactory
2023/10/08-13:45:33.440299 7f43cbae5cc0            Options.table_factory: BlockBasedTable
2023/10/08-13:45:33.440357 7f43cbae5cc0            table_factory options:   flush_block_policy_factory: FlushBlockBySizePolicyFactory (0x562f94858740)
  cache_index_and_filter_blocks: 0
  cache_index_and_filter_blocks_with_high_priority: 1
  pin_l0_filter_and_index_blocks_in_cache: 0
  pin_top_level_index_and_filter: 1
  index_type: 0
  data_block_index_type: 0
  index_shortening: 1
  data_block_hash_table_util_ratio: 0.750000
  hash_index_allow_collision: 1
  checksum: 1
  no_block_cache: 0
  block_cache: 0x562f948484a0
  block_cache_name: LRUCache
  block_cache_options:
    capacity : 8388608
    num_shard_bits : 4
    strict_capacity_limit : 0
    memory_allocator : None
    high_pri_pool_ratio: 0.000
  block_cache_compressed: (nil)
  persistent_cache: (nil)
  block_size: 4096
  block_size_deviation: 10
  block_restart_interval: 16
  index_block_restart_interval: 1
  metadata_block_size: 4096
  partition_filters: 0
  use_delta_encoding: 1
  filter_policy: nullptr
  whole_key_filtering: 1
  verify_compression: 0
  read_amp_bytes_per_bit: 0
  format_version: 4
  enable_index_compression: 1
  block_align: 0
2023/10/08-13:45:33.440361 7f43cbae5cc0        Options.write_buffer_size: 67108864
2023/10/08-13:45:33.440363 7f43cbae5cc0  Options.max_write_buffer_number: 2
2023/10/08-13:45:33.440366 7f43cbae5cc0          Options.compression: NoCompression
2023/10/08-13:45:33.440368 7f43cbae5cc0                  Options.bottommost_compression: Disabled
2023/10/08-13:45:33.440483 7f43cbae5cc0       Options.prefix_extractor: nullptr
2023/10/08-13:45:33.440491 7f43cbae5cc0   Options.memtable_insert_with_hint_prefix_extractor: nullptr
2023/10/08-13:45:33.440493 7f43cbae5cc0             Options.num_levels: 7
2023/10/08-13:45:33.440495 7f43cbae5cc0        Options.min_write_buffer_number_to_merge: 1
2023/10/08-13:45:33.440498 7f43cbae5cc0     Options.max_write_buffer_number_to_maintain: 0
2023/10/08-13:45:33.440500 7f43cbae5cc0     Options.max_write_buffer_size_to_maintain: 0
2023/10/08-13:45:33.440502 7f43cbae5cc0            Options.bottommost_compression_opts.window_bits: -14
2023/10/08-13:45:33.440505 7f43cbae5cc0                  Options.bottommost_compression_opts.level: 32767
2023/10/08-13:45:33.440507 7f43cbae5cc0               Options.bottommost_compression_opts.strategy: 0
2023/10/08-13:45:33.440510 7f43cbae5cc0         Options.bottommost_compression_opts.max_dict_bytes: 0
2023/10/08-13:45:33.440512 7f43cbae5cc0         Options.bottommost_compression_opts.zstd_max_train_bytes: 0
2023/10/08-13:45:33.440514 7f43cbae5cc0         Options.bottommost_compression_opts.parallel_threads: 1
2023/10/08-13:45:33.440517 7f43cbae5cc0                  Options.bottommost_compression_opts.enabled: false
2023/10/08-13:45:33.440519 7f43cbae5cc0            Options.compression_opts.window_bits: -14
2023/10/08-13:45:33.440522 7f43cbae5cc0                  Options.compression_opts.level: 32767
2023/10/08-13:45:33.440524 7f43cbae5cc0               Options.compression_opts.strategy: 0
2023/10/08-13:45:33.440526 7f43cbae5cc0         Options.compression_opts.max_dict_bytes: 0
2023/10/08-13:45:33.440528 7f43cbae5cc0         Options.compression_opts.zstd_max_train_bytes: 0
2023/10/08-13:45:33.440531 7f43cbae5cc0         Options.compression_opts.parallel_threads: 1
2023/10/08-13:45:33.440533 7f43cbae5cc0                  Options.compression_opts.enabled: false
2023/10/08-13:45:33.440535 7f43cbae5cc0      Options.level0_file_num_compaction_trigger: 4
2023/10/08-13:45:33.440537 7f43cbae5cc0          Options.level0_slowdown_writes_trigger: 20
2023/10/08-13:45:33.440540 7f43cbae5cc0              Options.level0_stop_writes_trigger: 36
2023/10/08-13:45:33.440542 7f43cbae5cc0                   Options.target_file_size_base: 67108864
2023/10/08-13:45:33.440544 7f43cbae5cc0             Options.target_file_size_multiplier: 1
2023/10/08-13:45:33.440547 7f43cbae5cc0                Options.max_bytes_for_level_base: 268435456
2023/10/08-13:45:33.440549 7f43cbae5cc0 Options.level_compaction_dynamic_level_bytes: 0
2023/10/08-13:45:33.440551 7f43cbae5cc0          Options.max_bytes_for_level_multiplier: 10.000000
2023/10/08-13:45:33.440557 7f43cbae5cc0 Options.max_bytes_for_level_multiplier_addtl[0]: 1
2023/10/08-13:45:33.440560 7f43cbae5cc0 Options.max_bytes_for_level_multiplier_addtl[1]: 1
2023/10/08-13:45:33.440563 7f43cbae5cc0 Options.max_bytes_for_level_multiplier_addtl[2]: 1
2023/10/08-13:45:33.440565 7f43cbae5cc0 Options.max_bytes_for_level_multiplier_addtl[3]: 1
2023/10/08-13:45:33.440567 7f43cbae5cc0 Options.max_bytes_for_level_multiplier_addtl[4]: 1
2023/10/08-13:45:33.440570 7f43cbae5cc0 Options.max_bytes_for_level_multiplier_addtl[5]: 1
2023/10/08-13:45:33.440572 7f43cbae5cc0 Options.max_bytes_for_level_multiplier_addtl[6]: 1
2023/10/08-13:45:33.440574 7f43cbae5cc0       Options.max_sequential_skip_in_iterations: 8
2023/10/08-13:45:33.440576 7f43cbae5cc0                    Options.max_compaction_bytes: 1677721600
2023/10/08-13:45:33.440579 7f43cbae5cc0                        Options.arena_block_size: 8388608
2023/10/08-13:45:33.440581 7f43cbae5cc0   Options.soft_pending_compaction_bytes_limit: 68719476736
2023/10/08-13:45:33.440584 7f43cbae5cc0   Options.hard_pending_compaction_bytes_limit: 274877906944
2023/10/08-13:45:33.440586 7f43cbae5cc0       Options.rate_limit_delay_max_milliseconds: 100
2023/10/08-13:45:33.440589 7f43cbae5cc0                Options.disable_auto_compactions: 1
2023/10/08-13:45:33.440594 7f43cbae5cc0                        Options.compaction_style: kCompactionStyleLevel
2023/10/08-13:45:33.440633 7f43cbae5cc0                          Options.compaction_pri: kMinOverlappingRatio
2023/10/08-13:45:33.440636 7f43cbae5cc0 Options.compaction_options_universal.size_ratio: 1
2023/10/08-13:45:33.440638 7f43cbae5cc0 Options.compaction_options_universal.min_merge_width: 2
2023/10/08-13:45:33.440640 7f43cbae5cc0 Options.compaction_options_universal.max_merge_width: 4294967295
2023/10/08-13:45:33.440643 7f43cbae5cc0 Options.compaction_options_universal.max_size_amplification_percent: 200
2023/10/08-13:45:33.440645 7f43cbae5cc0 Options.compaction_options_universal.compression_size_percent: -1
2023/10/08-13:45:33.440649 7f43cbae5cc0 Options.compaction_options_universal.stop_style: kCompactionStopStyleTotalSize
2023/10/08-13:45:33.440652 7f43cbae5cc0 Options.compaction_options_fifo.max_table_files_size: 1073741824
2023/10/08-13:45:33.440654 7f43cbae5cc0 Options.compaction_options_fifo.allow_compaction: 0
2023/10/08-13:45:33.440664 7f43cbae5cc0                   Options.table_properties_collectors: 
2023/10/08-13:45:33.440667 7f43cbae5cc0                   Options.inplace_update_support: 0
2023/10/08-13:45:33.440669 7f43cbae5cc0                 Options.inplace_update_num_locks: 10000
2023/10/08-13:45:33.440672 7f43cbae5cc0               Options.memtable_prefix_bloom_size_ratio: 0.000000
2023/10/08-13:45:33.440675 7f43cbae5cc0               Options.memtable_whole_key_filtering: 0
2023/10/08-13:45:33.440678 7f43cbae5cc0   Options.memtable_huge_page_size: 0
2023/10/08-13:45:33.440680 7f43cbae5cc0                           Options.bloom_locality: 0
2023/10/08-13:45:33.440682 7f43cbae5cc0                    Options.max_successive_merges: 0
2023/10/08-13:45:33.440684 7f43cbae5cc0                Options.optimize_filters_for_hits: 0
2023/10/08-13:45:33.440687 7f43cbae5cc0                Options.paranoid_file_checks: 0
2023/10/08-13:45:33.440689 7f43cbae5cc0                Options.force_consistency_checks: 1
2023/10/08-13:45:33.440691 7f43cbae5cc0                Options.report_bg_io_stats: 0
2023/10/08-13:45:33.440693 7f43cbae5cc0                               Options.ttl: 2592000
2023/10/08-13:45:33.440695 7f43cbae5cc0          Options.periodic_compaction_seconds: 2592000
2023/10/08-13:45:33.440698 7f43cbae5cc0                    Options.enable_blob_files: false
2023/10/08-13:45:33.440700 7f43cbae5cc0                        Options.min_blob_size: 0
2023/10/08-13:45:33.440702 7f43cbae5cc0                       Options.blob_file_size: 268435456
2023/10/08-13:45:33.440705 7f43cbae5cc0                Options.blob_compression_type: NoCompression
2023/10/08-13:45:33.440707 7f43cbae5cc0       Options.enable_blob_garbage_collection: false
2023/10/08-13:45:33.440710 7f43cbae5cc0   Options.blob_garbage_collection_age_cutoff: 0.250000
2023/10/08-13:45:33.440845 7f43cbae5cc0 [db/column_family.cc:595] --------------- Options for column family [CES]:
2023/10/08-13:45:33.440850 7f43cbae5cc0               Options.comparator: leveldb.BytewiseComparator
2023/10/08-13:45:33.440853 7f43cbae5cc0           Options.merge_operator: None
2023/10/08-13:45:33.440856 7f43cbae5cc0        Options.compaction_filter: filter_outdated
2023/10/08-13:45:33.440858 7f43cbae5cc0        Options.compaction_filter_factory: None
2023/10/08-13:45:33.440860 7f43cbae5cc0  Options.sst_partitioner_factory: None
2023/10/08-13:45:33.440863 7f43cbae5cc0         Options.memtable_factory: SkipListFactory
2023/10/08-13:45:33.440865 7f43cbae5cc0            Options.table_factory: BlockBasedTable
2023/10/08-13:45:33.440928 7f43cbae5cc0            table_factory options:   flush_block_policy_factory: FlushBlockBySizePolicyFactory (0x562f947e8ff0)
  cache_index_and_filter_blocks: 0
  cache_index_and_filter_blocks_with_high_priority: 1
  pin_l0_filter_and_index_blocks_in_cache: 0
  pin_top_level_index_and_filter: 1
  index_type: 0
  data_block_index_type: 0
  index_shortening: 1
  data_block_hash_table_util_ratio: 0.750000
  hash_index_allow_collision: 1
  checksum: 1
  no_block_cache: 0
  block_cache: 0x562f94937aa0
  block_cache_name: LRUCache
  block_cache_options:
    capacity : 8388608
    num_shard_bits : 4
    strict_capacity_limit : 0
    memory_allocator : None
    high_pri_pool_ratio: 0.000
  block_cache_compressed: (nil)
  persistent_cache: (nil)
  block_size: 4096
  block_size_deviation: 10
  block_restart_interval: 16
  index_block_restart_interval: 1
  metadata_block_size: 4096
  partition_filters: 0
  use_delta_encoding: 1
  filter_policy: nullptr
  whole_key_filtering: 1
  verify_compression: 0
  read_amp_bytes_per_bit: 0
  format_version: 4
  enable_index_compression: 1
  block_align: 0
2023/10/08-13:45:33.440960 7f43cbae5cc0        Options.write_buffer_size: 67108864
2023/10/08-13:45:33.440963 7f43cbae5cc0  Options.max_write_buffer_number: 2
2023/10/08-13:45:33.440965 7f43cbae5cc0          Options.compression: NoCompression
2023/10/08-13:45:33.440968 7f43cbae5cc0                  Options.bottommost_compression: Disabled
2023/10/08-13:45:33.440970 7f43cbae5cc0       Options.prefix_extractor: nullptr
2023/10/08-13:45:33.440972 7f43cbae5cc0   Options.memtable_insert_with_hint_prefix_extractor: nullptr
2023/10/08-13:45:33.440975 7f43cbae5cc0             Options.num_levels: 7
2023/10/08-13:45:33.440977 7f43cbae5cc0        Options.min_write_buffer_number_to_merge: 1
2023/10/08-13:45:33.440979 7f43cbae5cc0     Options.max_write_buffer_number_to_maintain: 0
2023/10/08-13:45:33.440981 7f43cbae5cc0     Options.max_write_buffer_size_to_maintain: 0
2023/10/08-13:45:33.440984 7f43cbae5cc0            Options.bottommost_compression_opts.window_bits: -14
2023/10/08-13:45:33.440986 7f43cbae5cc0                  Options.bottommost_compression_opts.level: 32767
2023/10/08-13:45:33.440988 7f43cbae5cc0               Options.bottommost_compression_opts.strategy: 0
2023/10/08-13:45:33.440991 7f43cbae5cc0         Options.bottommost_compression_opts.max_dict_bytes: 0
2023/10/08-13:45:33.440993 7f43cbae5cc0         Options.bottommost_compression_opts.zstd_max_train_bytes: 0
2023/10/08-13:45:33.440995 7f43cbae5cc0         Options.bottommost_compression_opts.parallel_threads: 1
2023/10/08-13:45:33.440998 7f43cbae5cc0                  Options.bottommost_compression_opts.enabled: false
2023/10/08-13:45:33.441000 7f43cbae5cc0            Options.compression_opts.window_bits: -14
2023/10/08-13:45:33.441002 7f43cbae5cc0                  Options.compression_opts.level: 32767
2023/10/08-13:45:33.441004 7f43cbae5cc0               Options.compression_opts.strategy: 0
2023/10/08-13:45:33.441007 7f43cbae5cc0         Options.compression_opts.max_dict_bytes: 0
2023/10/08-13:45:33.441009 7f43cbae5cc0         Options.compression_opts.zstd_max_train_bytes: 0
2023/10/08-13:45:33.441011 7f43cbae5cc0         Options.compression_opts.parallel_threads: 1
2023/10/08-13:45:33.441013 7f43cbae5cc0                  Options.compression_opts.enabled: false
2023/10/08-13:45:33.441015 7f43cbae5cc0      Options.level0_file_num_compaction_trigger: 4
2023/10/08-13:45:33.441018 7f43cbae5cc0          Options.level0_slowdown_writes_trigger: 20
2023/10/08-13:45:33.441020 7f43cbae5cc0              Options.level0_stop_writes_trigger: 36
2023/10/08-13:45:33.441022 7f43cbae5cc0                   Options.target_file_size_base: 67108864
2023/10/08-13:45:33.441024 7f43cbae5cc0             Options.target_file_size_multiplier: 1
2023/10/08-13:45:33.441027 7f43cbae5cc0                Options.max_bytes_for_level_base: 268435456
2023/10/08-13:45:33.441029 7f43cbae5cc0 Options.level_compaction_dynamic_level_bytes: 0
2023/10/08-13:45:33.441031 7f43cbae5cc0          Options.max_bytes_for_level_multiplier: 10.000000
2023/10/08-13:45:33.441036 7f43cbae5cc0 Options.max_bytes_for_level_multiplier_addtl[0]: 1
2023/10/08-13:45:33.441038 7f43cbae5cc0 Options.max_bytes_for_level_multiplier_addtl[1]: 1
2023/10/08-13:45:33.441041 7f43cbae5cc0 Options.max_bytes_for_level_multiplier_addtl[2]: 1
2023/10/08-13:45:33.441043 7f43cbae5cc0 Options.max_bytes_for_level_multiplier_addtl[3]: 1
2023/10/08-13:45:33.441045 7f43cbae5cc0 Options.max_bytes_for_level_multiplier_addtl[4]: 1
2023/10/08-13:45:33.441048 7f43cbae5cc0 Options.max_bytes_for_level_multiplier_addtl[5]: 1
2023/10/08-13:45:33.441068 7f43cbae5cc0 Options.max_bytes_for_level_multiplier_addtl[6]: 1
2023/10/08-13:45:33.441071 7f43cbae5cc0       Options.max_sequential_skip_in_iterations: 8
2023/10/08-13:45:33.441073 7f43cbae5cc0                    Options.max_compaction_bytes: 1677721600
2023/10/08-13:45:33.441075 7f43cbae5cc0                        Options.arena_block_size: 8388608
2023/10/08-13:45:33.441078 7f43cbae5cc0   Options.soft_pending_compaction_bytes_limit: 68719476736
2023/10/08-13:45:33.441080 7f43cbae5cc0   Options.hard_pending_compaction_bytes_limit: 274877906944
2023/10/08-13:45:33.441082 7f43cbae5cc0       Options.rate_limit_delay_max_milliseconds: 100
2023/10/08-13:45:33.441085 7f43cbae5cc0                Options.disable_auto_compactions: 1
2023/10/08-13:45:33.441087 7f43cbae5cc0                        Options.compaction_style: kCompactionStyleLevel
2023/10/08-13:45:33.441090 7f43cbae5cc0                          Options.compaction_pri: kMinOverlappingRatio
2023/10/08-13:45:33.441092 7f43cbae5cc0 Options.compaction_options_universal.size_ratio: 1
2023/10/08-13:45:33.441094 7f43cbae5cc0 Options.compaction_options_universal.min_merge_width: 2
2023/10/08-13:45:33.441097 7f43cbae5cc0 Options.compaction_options_universal.max_merge_width: 4294967295
2023/10/08-13:45:33.441150 7f43cbae5cc0 Options.compaction_options_universal.max_size_amplification_percent: 200
2023/10/08-13:45:33.441154 7f43cbae5cc0 Options.compaction_options_universal.compression_size_percent: -1
2023/10/08-13:45:33.441158 7f43cbae5cc0 Options.compaction_options_universal.stop_style: kCompactionStopStyleTotalSize
2023/10/08-13:45:33.441160 7f43cbae5cc0 Options.compaction_options_fifo.max_table_files_size: 1073741824
2023/10/08-13:45:33.441163 7f43cbae5cc0 Options.compaction_options_fifo.allow_compaction: 0
2023/10/08-13:45:33.441170 7f43cbae5cc0                   Options.table_properties_collectors: 
2023/10/08-13:45:33.441173 7f43cbae5cc0                   Options.inplace_update_support: 0
2023/10/08-13:45:33.441175 7f43cbae5cc0                 Options.inplace_update_num_locks: 10000
2023/10/08-13:45:33.441178 7f43cbae5cc0               Options.memtable_prefix_bloom_size_ratio: 0.000000
2023/10/08-13:45:33.441182 7f43cbae5cc0               Options.memtable_whole_key_filtering: 0
2023/10/08-13:45:33.441184 7f43cbae5cc0   Options.memtable_huge_page_size: 0
2023/10/08-13:45:33.441187 7f43cbae5cc0                           Options.bloom_locality: 0
2023/10/08-13:45:33.441189 7f43cbae5cc0                    Options.max_successive_merges: 0
2023/10/08-13:45:33.441191 7f43cbae5cc0                Options.optimize_filters_for_hits: 0
2023/10/08-13:45:33.441193 7f43cbae5cc0                Options.paranoid_file_checks: 0
2023/10/08-13:45:33.441196 7f43cbae5cc0                Options.force_consistency_checks: 1
2023/10/08-13:45:33.441198 7f43cbae5cc0                Options.report_bg_io_stats: 0
2023/10/08-13:45:33.441200 7f43cbae5cc0                               Options.ttl: 2592000
2023/10/08-13:45:33.441202 7f43cbae5cc0          Options.periodic_compaction_seconds: 2592000
2023/10/08-13:45:33.441205 7f43cbae5cc0                    Options.enable_blob_files: false
2023/10/08-13:45:33.441207 7f43cbae5cc0                        Options.min_blob_size: 0
2023/10/08-13:45:33.441209 7f43cbae5cc0                       Options.blob_file_size: 268435456
2023/10/08-13:45:33.441212 7f43cbae5cc0                Options.blob_compression_type: NoCompression
2023/10/08-13:45:33.441214 7f43cbae5cc0       Options.enable_blob_garbage_collection: false
2023/10/08-13:45:33.441216 7f43cbae5cc0   Options.blob_garbage_collection_age_cutoff: 0.250000
2023/10/08-13:45:33.454311 7f43cbae5cc0 [db/version_set.cc:4798] Recovered from manifest file:/home/ecr/ic-projects/dbank/.dfx/state/replicated_state/node-100/ic_consensus_pool/certification/MANIFEST-000081 succeeded,manifest_file_number is 81, next_file_number is 88, last_sequence is 28226, log_number is 73,prev_log_number is 0,max_column_family is 2,min_log_number_to_keep is 0
2023/10/08-13:45:33.454328 7f43cbae5cc0 [db/version_set.cc:4813] Column family [default] (ID 0), log number is 73
2023/10/08-13:45:33.454455 7f43cbae5cc0 [db/version_set.cc:4813] Column family [CE] (ID 1), log number is 73
2023/10/08-13:45:33.454464 7f43cbae5cc0 [db/version_set.cc:4813] Column family [CES] (ID 2), log number is 73
2023/10/08-13:45:33.455739 7f43cbae5cc0 [db/version_set.cc:4112] Creating manifest 88
2023/10/08-13:45:33.478639 7f43cbae5cc0 EVENT_LOG_v1 {"time_micros": 1696765533478623, "job": 1, "event": "recovery_started", "wal_files": [82]}
2023/10/08-13:45:33.478657 7f43cbae5cc0 [db/db_impl/db_impl_open.cc:847] Recovering log #82 mode 2
2023/10/08-13:45:33.488794 7f43cbae5cc0 EVENT_LOG_v1 {"time_micros": 1696765533488721, "cf_name": "CE", "job": 1, "event": "table_file_creation", "file_number": 89, "file_size": 15209, "file_checksum": "", "file_checksum_func_name": "Unknown", "table_properties": {"data_size": 14253, "index_size": 112, "index_partitions": 0, "top_level_index_size": 0, "index_key_is_user_key": 1, "index_value_is_delta_encoded": 1, "filter_size": 0, "raw_key_size": 3360, "raw_average_key_size": 48, "raw_value_size": 10990, "raw_average_value_size": 157, "num_data_blocks": 4, "num_entries": 70, "num_deletions": 0, "num_merge_operands": 0, "num_range_deletions": 0, "format_version": 0, "fixed_key_len": 0, "filter_policy": "", "column_family_name": "CE", "column_family_id": 1, "comparator": "leveldb.BytewiseComparator", "merge_operator": "nullptr", "prefix_extractor_name": "nullptr", "property_collectors": "[]", "compression": "NoCompression", "compression_options": "window_bits=-14; level=32767; strategy=0; max_dict_bytes=0; zstd_max_train_bytes=0; enabled=0; ", "creation_time": 1696765533, "oldest_key_time": 0, "file_creation_time": 0, "db_id": "239b81d9-6493-4436-b25d-e159acdeab7f", "db_session_id": "ZLLYT2T7YOSCYNLJBZ9E"}}
