2023/10/08-13:45:33.247926 7f43cbae5cc0 RocksDB version: 6.17.0
2023/10/08-13:45:33.248405 7f43cbae5cc0 Git sha 0
2023/10/08-13:45:33.248470 7f43cbae5cc0 DB SUMMARY
2023/10/08-13:45:33.248473 7f43cbae5cc0 DB Session ID:  CXMWC2M9FY2FHQ5QIW8P
2023/10/08-13:45:33.248550 7f43cbae5cc0 CURRENT file:  CURRENT
2023/10/08-13:45:33.248552 7f43cbae5cc0 IDENTITY file:  IDENTITY
2023/10/08-13:45:33.248556 7f43cbae5cc0 MANIFEST file:  MANIFEST-000248 size: 6339 Bytes
2023/10/08-13:45:33.248558 7f43cbae5cc0 SST files in /home/ecr/ic-projects/dbank/.dfx/state/replicated_state/node-100/ic_consensus_pool/consensus dir, Total Num: 12, files: 000252.sst 000253.sst 000254.sst 000255.sst 000256.sst 000257.sst 000258.sst 000259.sst 000260.sst 
2023/10/08-13:45:33.248560 7f43cbae5cc0 Write Ahead Log file in /home/ecr/ic-projects/dbank/.dfx/state/replicated_state/node-100/ic_consensus_pool/consensus: 000249.log size: 161467 ; 
2023/10/08-13:45:33.248562 7f43cbae5cc0                         Options.error_if_exists: 0
2023/10/08-13:45:33.248563 7f43cbae5cc0                       Options.create_if_missing: 1
2023/10/08-13:45:33.248564 7f43cbae5cc0                         Options.paranoid_checks: 1
2023/10/08-13:45:33.248565 7f43cbae5cc0                               Options.track_and_verify_wals_in_manifest: 0
2023/10/08-13:45:33.248566 7f43cbae5cc0                                     Options.env: 0x562f5aa1f380
2023/10/08-13:45:33.248567 7f43cbae5cc0                                      Options.fs: Posix File System
2023/10/08-13:45:33.248568 7f43cbae5cc0                                Options.info_log: 0x562f94781fa0
2023/10/08-13:45:33.248569 7f43cbae5cc0                Options.max_file_opening_threads: 16
2023/10/08-13:45:33.248570 7f43cbae5cc0                              Options.statistics: (nil)
2023/10/08-13:45:33.248571 7f43cbae5cc0                               Options.use_fsync: 1
2023/10/08-13:45:33.248572 7f43cbae5cc0                       Options.max_log_file_size: 0
2023/10/08-13:45:33.248573 7f43cbae5cc0                  Options.max_manifest_file_size: 1073741824
2023/10/08-13:45:33.248574 7f43cbae5cc0                   Options.log_file_time_to_roll: 0
2023/10/08-13:45:33.248575 7f43cbae5cc0                       Options.keep_log_file_num: 1000
2023/10/08-13:45:33.248576 7f43cbae5cc0                    Options.recycle_log_file_num: 0
2023/10/08-13:45:33.248576 7f43cbae5cc0                         Options.allow_fallocate: 1
2023/10/08-13:45:33.248577 7f43cbae5cc0                        Options.allow_mmap_reads: 0
2023/10/08-13:45:33.248578 7f43cbae5cc0                       Options.allow_mmap_writes: 0
2023/10/08-13:45:33.248579 7f43cbae5cc0                        Options.use_direct_reads: 0
2023/10/08-13:45:33.248580 7f43cbae5cc0                        Options.use_direct_io_for_flush_and_compaction: 0
2023/10/08-13:45:33.248581 7f43cbae5cc0          Options.create_missing_column_families: 1
2023/10/08-13:45:33.248582 7f43cbae5cc0                              Options.db_log_dir: 
2023/10/08-13:45:33.248583 7f43cbae5cc0                                 Options.wal_dir: /home/ecr/ic-projects/dbank/.dfx/state/replicated_state/node-100/ic_consensus_pool/consensus
2023/10/08-13:45:33.248584 7f43cbae5cc0                Options.table_cache_numshardbits: 6
2023/10/08-13:45:33.248585 7f43cbae5cc0                         Options.WAL_ttl_seconds: 0
2023/10/08-13:45:33.248585 7f43cbae5cc0                       Options.WAL_size_limit_MB: 0
2023/10/08-13:45:33.248586 7f43cbae5cc0                        Options.max_write_batch_group_size_bytes: 1048576
2023/10/08-13:45:33.248587 7f43cbae5cc0             Options.manifest_preallocation_size: 4194304
2023/10/08-13:45:33.248588 7f43cbae5cc0                     Options.is_fd_close_on_exec: 1
2023/10/08-13:45:33.248589 7f43cbae5cc0                   Options.advise_random_on_open: 1
2023/10/08-13:45:33.248590 7f43cbae5cc0                    Options.db_write_buffer_size: 0
2023/10/08-13:45:33.248591 7f43cbae5cc0                    Options.write_buffer_manager: 0x562f94782510
2023/10/08-13:45:33.248592 7f43cbae5cc0         Options.access_hint_on_compaction_start: 1
2023/10/08-13:45:33.248593 7f43cbae5cc0  Options.new_table_reader_for_compaction_inputs: 0
2023/10/08-13:45:33.248605 7f43cbae5cc0           Options.random_access_max_buffer_size: 1048576
2023/10/08-13:45:33.248606 7f43cbae5cc0                      Options.use_adaptive_mutex: 0
2023/10/08-13:45:33.248607 7f43cbae5cc0                            Options.rate_limiter: (nil)
2023/10/08-13:45:33.248608 7f43cbae5cc0     Options.sst_file_manager.rate_bytes_per_sec: 0
2023/10/08-13:45:33.248609 7f43cbae5cc0                       Options.wal_recovery_mode: 2
2023/10/08-13:45:33.248610 7f43cbae5cc0                  Options.enable_thread_tracking: 0
2023/10/08-13:45:33.248611 7f43cbae5cc0                  Options.enable_pipelined_write: 0
2023/10/08-13:45:33.248612 7f43cbae5cc0                  Options.unordered_write: 0
2023/10/08-13:45:33.248613 7f43cbae5cc0         Options.allow_concurrent_memtable_write: 1
2023/10/08-13:45:33.248614 7f43cbae5cc0      Options.enable_write_thread_adaptive_yield: 1
2023/10/08-13:45:33.248615 7f43cbae5cc0             Options.write_thread_max_yield_usec: 100
2023/10/08-13:45:33.248615 7f43cbae5cc0            Options.write_thread_slow_yield_usec: 3
2023/10/08-13:45:33.248616 7f43cbae5cc0                               Options.row_cache: None
2023/10/08-13:45:33.248617 7f43cbae5cc0                              Options.wal_filter: None
2023/10/08-13:45:33.248618 7f43cbae5cc0             Options.avoid_flush_during_recovery: 0
2023/10/08-13:45:33.248619 7f43cbae5cc0             Options.allow_ingest_behind: 0
2023/10/08-13:45:33.248620 7f43cbae5cc0             Options.preserve_deletes: 0
2023/10/08-13:45:33.248621 7f43cbae5cc0             Options.two_write_queues: 0
2023/10/08-13:45:33.248622 7f43cbae5cc0             Options.manual_wal_flush: 0
2023/10/08-13:45:33.248623 7f43cbae5cc0             Options.atomic_flush: 0
2023/10/08-13:45:33.248624 7f43cbae5cc0             Options.avoid_unnecessary_blocking_io: 0
2023/10/08-13:45:33.248624 7f43cbae5cc0                 Options.persist_stats_to_disk: 0
2023/10/08-13:45:33.248625 7f43cbae5cc0                 Options.write_dbid_to_manifest: 0
2023/10/08-13:45:33.248626 7f43cbae5cc0                 Options.log_readahead_size: 0
2023/10/08-13:45:33.248627 7f43cbae5cc0                 Options.file_checksum_gen_factory: Unknown
2023/10/08-13:45:33.248628 7f43cbae5cc0                 Options.best_efforts_recovery: 0
2023/10/08-13:45:33.248629 7f43cbae5cc0                Options.max_bgerror_resume_count: 2147483647
2023/10/08-13:45:33.248630 7f43cbae5cc0            Options.bgerror_resume_retry_interval: 1000000
2023/10/08-13:45:33.248631 7f43cbae5cc0             Options.allow_data_in_errors: 0
2023/10/08-13:45:33.248632 7f43cbae5cc0             Options.db_host_id: __hostname__
2023/10/08-13:45:33.248633 7f43cbae5cc0             Options.max_background_jobs: 2
2023/10/08-13:45:33.248633 7f43cbae5cc0             Options.max_background_compactions: -1
2023/10/08-13:45:33.248634 7f43cbae5cc0             Options.max_subcompactions: 1
2023/10/08-13:45:33.248635 7f43cbae5cc0             Options.avoid_flush_during_shutdown: 0
2023/10/08-13:45:33.248636 7f43cbae5cc0           Options.writable_file_max_buffer_size: 1048576
2023/10/08-13:45:33.248637 7f43cbae5cc0             Options.delayed_write_rate : 16777216
2023/10/08-13:45:33.248638 7f43cbae5cc0             Options.max_total_wal_size: 0
2023/10/08-13:45:33.248639 7f43cbae5cc0             Options.delete_obsolete_files_period_micros: 21600000000
2023/10/08-13:45:33.248640 7f43cbae5cc0                   Options.stats_dump_period_sec: 600
2023/10/08-13:45:33.248641 7f43cbae5cc0                 Options.stats_persist_period_sec: 600
2023/10/08-13:45:33.248642 7f43cbae5cc0                 Options.stats_history_buffer_size: 1048576
2023/10/08-13:45:33.248643 7f43cbae5cc0                          Options.max_open_files: -1
2023/10/08-13:45:33.248644 7f43cbae5cc0                          Options.bytes_per_sync: 0
2023/10/08-13:45:33.248645 7f43cbae5cc0                      Options.wal_bytes_per_sync: 0
2023/10/08-13:45:33.248645 7f43cbae5cc0                   Options.strict_bytes_per_sync: 0
2023/10/08-13:45:33.248653 7f43cbae5cc0       Options.compaction_readahead_size: 0
2023/10/08-13:45:33.248654 7f43cbae5cc0                  Options.max_background_flushes: -1
2023/10/08-13:45:33.248655 7f43cbae5cc0 Compression algorithms supported:
2023/10/08-13:45:33.248656 7f43cbae5cc0 	kZSTDNotFinalCompression supported: 1
2023/10/08-13:45:33.248662 7f43cbae5cc0 	kZSTD supported: 1
2023/10/08-13:45:33.248663 7f43cbae5cc0 	kXpressCompression supported: 0
2023/10/08-13:45:33.248664 7f43cbae5cc0 	kLZ4HCCompression supported: 1
2023/10/08-13:45:33.248666 7f43cbae5cc0 	kLZ4Compression supported: 1
2023/10/08-13:45:33.248666 7f43cbae5cc0 	kBZip2Compression supported: 1
2023/10/08-13:45:33.248667 7f43cbae5cc0 	kZlibCompression supported: 1
2023/10/08-13:45:33.248669 7f43cbae5cc0 	kSnappyCompression supported: 1
2023/10/08-13:45:33.248673 7f43cbae5cc0 Fast CRC32 supported: Supported on x86
2023/10/08-13:45:33.249300 7f43cbae5cc0 [db/version_set.cc:4758] Recovering from manifest file: /home/ecr/ic-projects/dbank/.dfx/state/replicated_state/node-100/ic_consensus_pool/consensus/MANIFEST-000248
2023/10/08-13:45:33.249542 7f43cbae5cc0 [db/column_family.cc:595] --------------- Options for column family [default]:
2023/10/08-13:45:33.249545 7f43cbae5cc0               Options.comparator: leveldb.BytewiseComparator
2023/10/08-13:45:33.249547 7f43cbae5cc0           Options.merge_operator: None
2023/10/08-13:45:33.249548 7f43cbae5cc0        Options.compaction_filter: None
2023/10/08-13:45:33.249549 7f43cbae5cc0        Options.compaction_filter_factory: None
2023/10/08-13:45:33.249550 7f43cbae5cc0  Options.sst_partitioner_factory: None
2023/10/08-13:45:33.249551 7f43cbae5cc0         Options.memtable_factory: SkipListFactory
2023/10/08-13:45:33.249552 7f43cbae5cc0            Options.table_factory: BlockBasedTable
2023/10/08-13:45:33.249595 7f43cbae5cc0            table_factory options:   flush_block_policy_factory: FlushBlockBySizePolicyFactory (0x562f9477e160)
  cache_index_and_filter_blocks: 0
  cache_index_and_filter_blocks_with_high_priority: 1
  pin_l0_filter_and_index_blocks_in_cache: 0
  pin_top_level_index_and_filter: 1
  index_type: 0
  data_block_index_type: 0
  index_shortening: 1
  data_block_hash_table_util_ratio: 0.750000
  hash_index_allow_collision: 1
  checksum: 1
  no_block_cache: 0
  block_cache: 0x562f9477e1b0
  block_cache_name: LRUCache
  block_cache_options:
    capacity : 8388608
    num_shard_bits : 4
    strict_capacity_limit : 0
    memory_allocator : None
    high_pri_pool_ratio: 0.000
  block_cache_compressed: (nil)
  persistent_cache: (nil)
  block_size: 4096
  block_size_deviation: 10
  block_restart_interval: 16
  index_block_restart_interval: 1
  metadata_block_size: 4096
  partition_filters: 0
  use_delta_encoding: 1
  filter_policy: nullptr
  whole_key_filtering: 1
  verify_compression: 0
  read_amp_bytes_per_bit: 0
  format_version: 4
  enable_index_compression: 1
  block_align: 0
2023/10/08-13:45:33.249599 7f43cbae5cc0        Options.write_buffer_size: 67108864
2023/10/08-13:45:33.249601 7f43cbae5cc0  Options.max_write_buffer_number: 2
2023/10/08-13:45:33.249602 7f43cbae5cc0          Options.compression: Snappy
2023/10/08-13:45:33.249603 7f43cbae5cc0                  Options.bottommost_compression: Disabled
2023/10/08-13:45:33.249604 7f43cbae5cc0       Options.prefix_extractor: nullptr
2023/10/08-13:45:33.249605 7f43cbae5cc0   Options.memtable_insert_with_hint_prefix_extractor: nullptr
2023/10/08-13:45:33.249606 7f43cbae5cc0             Options.num_levels: 7
2023/10/08-13:45:33.249608 7f43cbae5cc0        Options.min_write_buffer_number_to_merge: 1
2023/10/08-13:45:33.249609 7f43cbae5cc0     Options.max_write_buffer_number_to_maintain: 0
2023/10/08-13:45:33.249610 7f43cbae5cc0     Options.max_write_buffer_size_to_maintain: 0
2023/10/08-13:45:33.249611 7f43cbae5cc0            Options.bottommost_compression_opts.window_bits: -14
2023/10/08-13:45:33.249612 7f43cbae5cc0                  Options.bottommost_compression_opts.level: 32767
2023/10/08-13:45:33.249613 7f43cbae5cc0               Options.bottommost_compression_opts.strategy: 0
2023/10/08-13:45:33.249669 7f43cbae5cc0         Options.bottommost_compression_opts.max_dict_bytes: 0
2023/10/08-13:45:33.249672 7f43cbae5cc0         Options.bottommost_compression_opts.zstd_max_train_bytes: 0
2023/10/08-13:45:33.249673 7f43cbae5cc0         Options.bottommost_compression_opts.parallel_threads: 1
2023/10/08-13:45:33.249674 7f43cbae5cc0                  Options.bottommost_compression_opts.enabled: false
2023/10/08-13:45:33.249675 7f43cbae5cc0            Options.compression_opts.window_bits: -14
2023/10/08-13:45:33.249676 7f43cbae5cc0                  Options.compression_opts.level: 32767
2023/10/08-13:45:33.249678 7f43cbae5cc0               Options.compression_opts.strategy: 0
2023/10/08-13:45:33.249679 7f43cbae5cc0         Options.compression_opts.max_dict_bytes: 0
2023/10/08-13:45:33.249680 7f43cbae5cc0         Options.compression_opts.zstd_max_train_bytes: 0
2023/10/08-13:45:33.249681 7f43cbae5cc0         Options.compression_opts.parallel_threads: 1
2023/10/08-13:45:33.249682 7f43cbae5cc0                  Options.compression_opts.enabled: false
2023/10/08-13:45:33.249683 7f43cbae5cc0      Options.level0_file_num_compaction_trigger: 4
2023/10/08-13:45:33.249684 7f43cbae5cc0          Options.level0_slowdown_writes_trigger: 20
2023/10/08-13:45:33.249685 7f43cbae5cc0              Options.level0_stop_writes_trigger: 36
2023/10/08-13:45:33.249686 7f43cbae5cc0                   Options.target_file_size_base: 67108864
2023/10/08-13:45:33.249687 7f43cbae5cc0             Options.target_file_size_multiplier: 1
2023/10/08-13:45:33.249688 7f43cbae5cc0                Options.max_bytes_for_level_base: 268435456
2023/10/08-13:45:33.249689 7f43cbae5cc0 Options.level_compaction_dynamic_level_bytes: 0
2023/10/08-13:45:33.249690 7f43cbae5cc0          Options.max_bytes_for_level_multiplier: 10.000000
2023/10/08-13:45:33.249693 7f43cbae5cc0 Options.max_bytes_for_level_multiplier_addtl[0]: 1
2023/10/08-13:45:33.249694 7f43cbae5cc0 Options.max_bytes_for_level_multiplier_addtl[1]: 1
2023/10/08-13:45:33.249695 7f43cbae5cc0 Options.max_bytes_for_level_multiplier_addtl[2]: 1
2023/10/08-13:45:33.249696 7f43cbae5cc0 Options.max_bytes_for_level_multiplier_addtl[3]: 1
2023/10/08-13:45:33.249697 7f43cbae5cc0 Options.max_bytes_for_level_multiplier_addtl[4]: 1
2023/10/08-13:45:33.249698 7f43cbae5cc0 Options.max_bytes_for_level_multiplier_addtl[5]: 1
2023/10/08-13:45:33.249699 7f43cbae5cc0 Options.max_bytes_for_level_multiplier_addtl[6]: 1
2023/10/08-13:45:33.249700 7f43cbae5cc0       Options.max_sequential_skip_in_iterations: 8
2023/10/08-13:45:33.249701 7f43cbae5cc0                    Options.max_compaction_bytes: 1677721600
2023/10/08-13:45:33.249702 7f43cbae5cc0                        Options.arena_block_size: 8388608
2023/10/08-13:45:33.249704 7f43cbae5cc0   Options.soft_pending_compaction_bytes_limit: 68719476736
2023/10/08-13:45:33.249705 7f43cbae5cc0   Options.hard_pending_compaction_bytes_limit: 274877906944
2023/10/08-13:45:33.249706 7f43cbae5cc0       Options.rate_limit_delay_max_milliseconds: 100
2023/10/08-13:45:33.249707 7f43cbae5cc0                Options.disable_auto_compactions: 0
2023/10/08-13:45:33.249709 7f43cbae5cc0                        Options.compaction_style: kCompactionStyleLevel
2023/10/08-13:45:33.249711 7f43cbae5cc0                          Options.compaction_pri: kMinOverlappingRatio
2023/10/08-13:45:33.249712 7f43cbae5cc0 Options.compaction_options_universal.size_ratio: 1
2023/10/08-13:45:33.249713 7f43cbae5cc0 Options.compaction_options_universal.min_merge_width: 2
2023/10/08-13:45:33.249714 7f43cbae5cc0 Options.compaction_options_universal.max_merge_width: 4294967295
2023/10/08-13:45:33.249715 7f43cbae5cc0 Options.compaction_options_universal.max_size_amplification_percent: 200
2023/10/08-13:45:33.249716 7f43cbae5cc0 Options.compaction_options_universal.compression_size_percent: -1
2023/10/08-13:45:33.249718 7f43cbae5cc0 Options.compaction_options_universal.stop_style: kCompactionStopStyleTotalSize
2023/10/08-13:45:33.249719 7f43cbae5cc0 Options.compaction_options_fifo.max_table_files_size: 1073741824
2023/10/08-13:45:33.249734 7f43cbae5cc0 Options.compaction_options_fifo.allow_compaction: 0
2023/10/08-13:45:33.249740 7f43cbae5cc0                   Options.table_properties_collectors: 
2023/10/08-13:45:33.249741 7f43cbae5cc0                   Options.inplace_update_support: 0
2023/10/08-13:45:33.249742 7f43cbae5cc0                 Options.inplace_update_num_locks: 10000
2023/10/08-13:45:33.249743 7f43cbae5cc0               Options.memtable_prefix_bloom_size_ratio: 0.000000
2023/10/08-13:45:33.249745 7f43cbae5cc0               Options.memtable_whole_key_filtering: 0
2023/10/08-13:45:33.249746 7f43cbae5cc0   Options.memtable_huge_page_size: 0
2023/10/08-13:45:33.249747 7f43cbae5cc0                           Options.bloom_locality: 0
2023/10/08-13:45:33.249748 7f43cbae5cc0                    Options.max_successive_merges: 0
2023/10/08-13:45:33.249749 7f43cbae5cc0                Options.optimize_filters_for_hits: 0
2023/10/08-13:45:33.249750 7f43cbae5cc0                Options.paranoid_file_checks: 0
2023/10/08-13:45:33.249751 7f43cbae5cc0                Options.force_consistency_checks: 1
2023/10/08-13:45:33.249752 7f43cbae5cc0                Options.report_bg_io_stats: 0
2023/10/08-13:45:33.249753 7f43cbae5cc0                               Options.ttl: 2592000
2023/10/08-13:45:33.249754 7f43cbae5cc0          Options.periodic_compaction_seconds: 0
2023/10/08-13:45:33.249755 7f43cbae5cc0                    Options.enable_blob_files: false
2023/10/08-13:45:33.249756 7f43cbae5cc0                        Options.min_blob_size: 0
2023/10/08-13:45:33.249757 7f43cbae5cc0                       Options.blob_file_size: 268435456
2023/10/08-13:45:33.249758 7f43cbae5cc0                Options.blob_compression_type: NoCompression
2023/10/08-13:45:33.249759 7f43cbae5cc0       Options.enable_blob_garbage_collection: false
2023/10/08-13:45:33.249760 7f43cbae5cc0   Options.blob_garbage_collection_age_cutoff: 0.250000
2023/10/08-13:45:33.250261 7f43cbae5cc0 [db/column_family.cc:595] --------------- Options for column family [RB]:
2023/10/08-13:45:33.250267 7f43cbae5cc0               Options.comparator: leveldb.BytewiseComparator
2023/10/08-13:45:33.250269 7f43cbae5cc0           Options.merge_operator: None
2023/10/08-13:45:33.250271 7f43cbae5cc0        Options.compaction_filter: filter_outdated
2023/10/08-13:45:33.250272 7f43cbae5cc0        Options.compaction_filter_factory: None
2023/10/08-13:45:33.250273 7f43cbae5cc0  Options.sst_partitioner_factory: None
2023/10/08-13:45:33.250274 7f43cbae5cc0         Options.memtable_factory: SkipListFactory
2023/10/08-13:45:33.250275 7f43cbae5cc0            Options.table_factory: BlockBasedTable
2023/10/08-13:45:33.250306 7f43cbae5cc0            table_factory options:   flush_block_policy_factory: FlushBlockBySizePolicyFactory (0x562f94764360)
  cache_index_and_filter_blocks: 0
  cache_index_and_filter_blocks_with_high_priority: 1
  pin_l0_filter_and_index_blocks_in_cache: 0
  pin_top_level_index_and_filter: 1
  index_type: 0
  data_block_index_type: 0
  index_shortening: 1
  data_block_hash_table_util_ratio: 0.750000
  hash_index_allow_collision: 1
  checksum: 1
  no_block_cache: 0
  block_cache: 0x562f947643b0
  block_cache_name: LRUCache
  block_cache_options:
    capacity : 8388608
    num_shard_bits : 4
    strict_capacity_limit : 0
    memory_allocator : None
    high_pri_pool_ratio: 0.000
  block_cache_compressed: (nil)
  persistent_cache: (nil)
  block_size: 4096
  block_size_deviation: 10
  block_restart_interval: 16
  index_block_restart_interval: 1
  metadata_block_size: 4096
  partition_filters: 0
  use_delta_encoding: 1
  filter_policy: nullptr
  whole_key_filtering: 1
  verify_compression: 0
  read_amp_bytes_per_bit: 0
  format_version: 4
  enable_index_compression: 1
  block_align: 0
2023/10/08-13:45:33.250310 7f43cbae5cc0        Options.write_buffer_size: 67108864
2023/10/08-13:45:33.250311 7f43cbae5cc0  Options.max_write_buffer_number: 2
2023/10/08-13:45:33.250312 7f43cbae5cc0          Options.compression: NoCompression
2023/10/08-13:45:33.250366 7f43cbae5cc0                  Options.bottommost_compression: Disabled
2023/10/08-13:45:33.250369 7f43cbae5cc0       Options.prefix_extractor: nullptr
2023/10/08-13:45:33.250371 7f43cbae5cc0   Options.memtable_insert_with_hint_prefix_extractor: nullptr
2023/10/08-13:45:33.250372 7f43cbae5cc0             Options.num_levels: 7
2023/10/08-13:45:33.250373 7f43cbae5cc0        Options.min_write_buffer_number_to_merge: 1
2023/10/08-13:45:33.250374 7f43cbae5cc0     Options.max_write_buffer_number_to_maintain: 0
2023/10/08-13:45:33.250375 7f43cbae5cc0     Options.max_write_buffer_size_to_maintain: 0
2023/10/08-13:45:33.250376 7f43cbae5cc0            Options.bottommost_compression_opts.window_bits: -14
2023/10/08-13:45:33.250377 7f43cbae5cc0                  Options.bottommost_compression_opts.level: 32767
2023/10/08-13:45:33.250378 7f43cbae5cc0               Options.bottommost_compression_opts.strategy: 0
2023/10/08-13:45:33.250379 7f43cbae5cc0         Options.bottommost_compression_opts.max_dict_bytes: 0
2023/10/08-13:45:33.250380 7f43cbae5cc0         Options.bottommost_compression_opts.zstd_max_train_bytes: 0
2023/10/08-13:45:33.250381 7f43cbae5cc0         Options.bottommost_compression_opts.parallel_threads: 1
2023/10/08-13:45:33.250382 7f43cbae5cc0                  Options.bottommost_compression_opts.enabled: false
2023/10/08-13:45:33.250383 7f43cbae5cc0            Options.compression_opts.window_bits: -14
2023/10/08-13:45:33.250384 7f43cbae5cc0                  Options.compression_opts.level: 32767
2023/10/08-13:45:33.250385 7f43cbae5cc0               Options.compression_opts.strategy: 0
2023/10/08-13:45:33.250386 7f43cbae5cc0         Options.compression_opts.max_dict_bytes: 0
2023/10/08-13:45:33.250387 7f43cbae5cc0         Options.compression_opts.zstd_max_train_bytes: 0
2023/10/08-13:45:33.250388 7f43cbae5cc0         Options.compression_opts.parallel_threads: 1
2023/10/08-13:45:33.250389 7f43cbae5cc0                  Options.compression_opts.enabled: false
2023/10/08-13:45:33.250390 7f43cbae5cc0      Options.level0_file_num_compaction_trigger: 4
2023/10/08-13:45:33.250392 7f43cbae5cc0          Options.level0_slowdown_writes_trigger: 20
2023/10/08-13:45:33.250393 7f43cbae5cc0              Options.level0_stop_writes_trigger: 36
2023/10/08-13:45:33.250394 7f43cbae5cc0                   Options.target_file_size_base: 67108864
2023/10/08-13:45:33.250395 7f43cbae5cc0             Options.target_file_size_multiplier: 1
2023/10/08-13:45:33.250396 7f43cbae5cc0                Options.max_bytes_for_level_base: 268435456
2023/10/08-13:45:33.250397 7f43cbae5cc0 Options.level_compaction_dynamic_level_bytes: 0
2023/10/08-13:45:33.250398 7f43cbae5cc0          Options.max_bytes_for_level_multiplier: 10.000000
2023/10/08-13:45:33.250400 7f43cbae5cc0 Options.max_bytes_for_level_multiplier_addtl[0]: 1
2023/10/08-13:45:33.250402 7f43cbae5cc0 Options.max_bytes_for_level_multiplier_addtl[1]: 1
2023/10/08-13:45:33.250403 7f43cbae5cc0 Options.max_bytes_for_level_multiplier_addtl[2]: 1
2023/10/08-13:45:33.250404 7f43cbae5cc0 Options.max_bytes_for_level_multiplier_addtl[3]: 1
2023/10/08-13:45:33.250405 7f43cbae5cc0 Options.max_bytes_for_level_multiplier_addtl[4]: 1
2023/10/08-13:45:33.250406 7f43cbae5cc0 Options.max_bytes_for_level_multiplier_addtl[5]: 1
2023/10/08-13:45:33.250407 7f43cbae5cc0 Options.max_bytes_for_level_multiplier_addtl[6]: 1
2023/10/08-13:45:33.250408 7f43cbae5cc0       Options.max_sequential_skip_in_iterations: 8
2023/10/08-13:45:33.250409 7f43cbae5cc0                    Options.max_compaction_bytes: 1677721600
2023/10/08-13:45:33.250410 7f43cbae5cc0                        Options.arena_block_size: 8388608
2023/10/08-13:45:33.250411 7f43cbae5cc0   Options.soft_pending_compaction_bytes_limit: 68719476736
2023/10/08-13:45:33.250412 7f43cbae5cc0   Options.hard_pending_compaction_bytes_limit: 274877906944
2023/10/08-13:45:33.250413 7f43cbae5cc0       Options.rate_limit_delay_max_milliseconds: 100
2023/10/08-13:45:33.250414 7f43cbae5cc0                Options.disable_auto_compactions: 1
2023/10/08-13:45:33.250417 7f43cbae5cc0                        Options.compaction_style: kCompactionStyleLevel
2023/10/08-13:45:33.250432 7f43cbae5cc0                          Options.compaction_pri: kMinOverlappingRatio
2023/10/08-13:45:33.250434 7f43cbae5cc0 Options.compaction_options_universal.size_ratio: 1
2023/10/08-13:45:33.250435 7f43cbae5cc0 Options.compaction_options_universal.min_merge_width: 2
2023/10/08-13:45:33.250436 7f43cbae5cc0 Options.compaction_options_universal.max_merge_width: 4294967295
2023/10/08-13:45:33.250437 7f43cbae5cc0 Options.compaction_options_universal.max_size_amplification_percent: 200
2023/10/08-13:45:33.250438 7f43cbae5cc0 Options.compaction_options_universal.compression_size_percent: -1
2023/10/08-13:45:33.250440 7f43cbae5cc0 Options.compaction_options_universal.stop_style: kCompactionStopStyleTotalSize
2023/10/08-13:45:33.250441 7f43cbae5cc0 Options.compaction_options_fifo.max_table_files_size: 1073741824
2023/10/08-13:45:33.250442 7f43cbae5cc0 Options.compaction_options_fifo.allow_compaction: 0
2023/10/08-13:45:33.250446 7f43cbae5cc0                   Options.table_properties_collectors: 
2023/10/08-13:45:33.250448 7f43cbae5cc0                   Options.inplace_update_support: 0
2023/10/08-13:45:33.250449 7f43cbae5cc0                 Options.inplace_update_num_locks: 10000
2023/10/08-13:45:33.250450 7f43cbae5cc0               Options.memtable_prefix_bloom_size_ratio: 0.000000
2023/10/08-13:45:33.250451 7f43cbae5cc0               Options.memtable_whole_key_filtering: 0
2023/10/08-13:45:33.250452 7f43cbae5cc0   Options.memtable_huge_page_size: 0
2023/10/08-13:45:33.250453 7f43cbae5cc0                           Options.bloom_locality: 0
2023/10/08-13:45:33.250454 7f43cbae5cc0                    Options.max_successive_merges: 0
2023/10/08-13:45:33.250455 7f43cbae5cc0                Options.optimize_filters_for_hits: 0
2023/10/08-13:45:33.250456 7f43cbae5cc0                Options.paranoid_file_checks: 0
2023/10/08-13:45:33.250457 7f43cbae5cc0                Options.force_consistency_checks: 1
2023/10/08-13:45:33.250458 7f43cbae5cc0                Options.report_bg_io_stats: 0
2023/10/08-13:45:33.250459 7f43cbae5cc0                               Options.ttl: 2592000
2023/10/08-13:45:33.250460 7f43cbae5cc0          Options.periodic_compaction_seconds: 2592000
2023/10/08-13:45:33.250462 7f43cbae5cc0                    Options.enable_blob_files: false
2023/10/08-13:45:33.250463 7f43cbae5cc0                        Options.min_blob_size: 0
2023/10/08-13:45:33.250464 7f43cbae5cc0                       Options.blob_file_size: 268435456
2023/10/08-13:45:33.250465 7f43cbae5cc0                Options.blob_compression_type: NoCompression
2023/10/08-13:45:33.250466 7f43cbae5cc0       Options.enable_blob_garbage_collection: false
2023/10/08-13:45:33.250467 7f43cbae5cc0   Options.blob_garbage_collection_age_cutoff: 0.250000
2023/10/08-13:45:33.250539 7f43cbae5cc0 [db/column_family.cc:595] --------------- Options for column family [FZ]:
2023/10/08-13:45:33.250541 7f43cbae5cc0               Options.comparator: leveldb.BytewiseComparator
2023/10/08-13:45:33.250542 7f43cbae5cc0           Options.merge_operator: None
2023/10/08-13:45:33.250544 7f43cbae5cc0        Options.compaction_filter: filter_outdated
2023/10/08-13:45:33.250545 7f43cbae5cc0        Options.compaction_filter_factory: None
2023/10/08-13:45:33.250546 7f43cbae5cc0  Options.sst_partitioner_factory: None
2023/10/08-13:45:33.250547 7f43cbae5cc0         Options.memtable_factory: SkipListFactory
2023/10/08-13:45:33.250548 7f43cbae5cc0            Options.table_factory: BlockBasedTable
2023/10/08-13:45:33.250584 7f43cbae5cc0            table_factory options:   flush_block_policy_factory: FlushBlockBySizePolicyFactory (0x562f94766610)
  cache_index_and_filter_blocks: 0
  cache_index_and_filter_blocks_with_high_priority: 1
  pin_l0_filter_and_index_blocks_in_cache: 0
  pin_top_level_index_and_filter: 1
  index_type: 0
  data_block_index_type: 0
  index_shortening: 1
  data_block_hash_table_util_ratio: 0.750000
  hash_index_allow_collision: 1
  checksum: 1
  no_block_cache: 0
  block_cache: 0x562f94766660
  block_cache_name: LRUCache
  block_cache_options:
    capacity : 8388608
    num_shard_bits : 4
    strict_capacity_limit : 0
    memory_allocator : None
    high_pri_pool_ratio: 0.000
  block_cache_compressed: (nil)
  persistent_cache: (nil)
  block_size: 4096
  block_size_deviation: 10
  block_restart_interval: 16
  index_block_restart_interval: 1
  metadata_block_size: 4096
  partition_filters: 0
  use_delta_encoding: 1
  filter_policy: nullptr
  whole_key_filtering: 1
  verify_compression: 0
  read_amp_bytes_per_bit: 0
  format_version: 4
  enable_index_compression: 1
  block_align: 0
2023/10/08-13:45:33.250605 7f43cbae5cc0        Options.write_buffer_size: 67108864
2023/10/08-13:45:33.250607 7f43cbae5cc0  Options.max_write_buffer_number: 2
2023/10/08-13:45:33.250608 7f43cbae5cc0          Options.compression: NoCompression
2023/10/08-13:45:33.250609 7f43cbae5cc0                  Options.bottommost_compression: Disabled
2023/10/08-13:45:33.250610 7f43cbae5cc0       Options.prefix_extractor: nullptr
2023/10/08-13:45:33.250611 7f43cbae5cc0   Options.memtable_insert_with_hint_prefix_extractor: nullptr
2023/10/08-13:45:33.250612 7f43cbae5cc0             Options.num_levels: 7
2023/10/08-13:45:33.250613 7f43cbae5cc0        Options.min_write_buffer_number_to_merge: 1
2023/10/08-13:45:33.250614 7f43cbae5cc0     Options.max_write_buffer_number_to_maintain: 0
2023/10/08-13:45:33.250615 7f43cbae5cc0     Options.max_write_buffer_size_to_maintain: 0
2023/10/08-13:45:33.250616 7f43cbae5cc0            Options.bottommost_compression_opts.window_bits: -14
2023/10/08-13:45:33.250617 7f43cbae5cc0                  Options.bottommost_compression_opts.level: 32767
2023/10/08-13:45:33.250618 7f43cbae5cc0               Options.bottommost_compression_opts.strategy: 0
2023/10/08-13:45:33.250619 7f43cbae5cc0         Options.bottommost_compression_opts.max_dict_bytes: 0
2023/10/08-13:45:33.250620 7f43cbae5cc0         Options.bottommost_compression_opts.zstd_max_train_bytes: 0
2023/10/08-13:45:33.250621 7f43cbae5cc0         Options.bottommost_compression_opts.parallel_threads: 1
2023/10/08-13:45:33.250622 7f43cbae5cc0                  Options.bottommost_compression_opts.enabled: false
2023/10/08-13:45:33.250623 7f43cbae5cc0            Options.compression_opts.window_bits: -14
2023/10/08-13:45:33.250624 7f43cbae5cc0                  Options.compression_opts.level: 32767
2023/10/08-13:45:33.250626 7f43cbae5cc0               Options.compression_opts.strategy: 0
2023/10/08-13:45:33.250627 7f43cbae5cc0         Options.compression_opts.max_dict_bytes: 0
2023/10/08-13:45:33.250628 7f43cbae5cc0         Options.compression_opts.zstd_max_train_bytes: 0
2023/10/08-13:45:33.250629 7f43cbae5cc0         Options.compression_opts.parallel_threads: 1
2023/10/08-13:45:33.250630 7f43cbae5cc0                  Options.compression_opts.enabled: false
2023/10/08-13:45:33.250630 7f43cbae5cc0      Options.level0_file_num_compaction_trigger: 4
2023/10/08-13:45:33.250631 7f43cbae5cc0          Options.level0_slowdown_writes_trigger: 20
2023/10/08-13:45:33.250632 7f43cbae5cc0              Options.level0_stop_writes_trigger: 36
2023/10/08-13:45:33.250634 7f43cbae5cc0                   Options.target_file_size_base: 67108864
2023/10/08-13:45:33.250635 7f43cbae5cc0             Options.target_file_size_multiplier: 1
2023/10/08-13:45:33.250636 7f43cbae5cc0                Options.max_bytes_for_level_base: 268435456
2023/10/08-13:45:33.250637 7f43cbae5cc0 Options.level_compaction_dynamic_level_bytes: 0
2023/10/08-13:45:33.250638 7f43cbae5cc0          Options.max_bytes_for_level_multiplier: 10.000000
2023/10/08-13:45:33.250640 7f43cbae5cc0 Options.max_bytes_for_level_multiplier_addtl[0]: 1
2023/10/08-13:45:33.250641 7f43cbae5cc0 Options.max_bytes_for_level_multiplier_addtl[1]: 1
2023/10/08-13:45:33.250642 7f43cbae5cc0 Options.max_bytes_for_level_multiplier_addtl[2]: 1
2023/10/08-13:45:33.250643 7f43cbae5cc0 Options.max_bytes_for_level_multiplier_addtl[3]: 1
2023/10/08-13:45:33.250644 7f43cbae5cc0 Options.max_bytes_for_level_multiplier_addtl[4]: 1
2023/10/08-13:45:33.250653 7f43cbae5cc0 Options.max_bytes_for_level_multiplier_addtl[5]: 1
2023/10/08-13:45:33.250654 7f43cbae5cc0 Options.max_bytes_for_level_multiplier_addtl[6]: 1
2023/10/08-13:45:33.250655 7f43cbae5cc0       Options.max_sequential_skip_in_iterations: 8
2023/10/08-13:45:33.250656 7f43cbae5cc0                    Options.max_compaction_bytes: 1677721600
2023/10/08-13:45:33.250657 7f43cbae5cc0                        Options.arena_block_size: 8388608
2023/10/08-13:45:33.250658 7f43cbae5cc0   Options.soft_pending_compaction_bytes_limit: 68719476736
2023/10/08-13:45:33.250659 7f43cbae5cc0   Options.hard_pending_compaction_bytes_limit: 274877906944
2023/10/08-13:45:33.250660 7f43cbae5cc0       Options.rate_limit_delay_max_milliseconds: 100
2023/10/08-13:45:33.250661 7f43cbae5cc0                Options.disable_auto_compactions: 1
2023/10/08-13:45:33.250663 7f43cbae5cc0                        Options.compaction_style: kCompactionStyleLevel
2023/10/08-13:45:33.250664 7f43cbae5cc0                          Options.compaction_pri: kMinOverlappingRatio
2023/10/08-13:45:33.250665 7f43cbae5cc0 Options.compaction_options_universal.size_ratio: 1
2023/10/08-13:45:33.250666 7f43cbae5cc0 Options.compaction_options_universal.min_merge_width: 2
2023/10/08-13:45:33.250667 7f43cbae5cc0 Options.compaction_options_universal.max_merge_width: 4294967295
2023/10/08-13:45:33.250668 7f43cbae5cc0 Options.compaction_options_universal.max_size_amplification_percent: 200
2023/10/08-13:45:33.250669 7f43cbae5cc0 Options.compaction_options_universal.compression_size_percent: -1
2023/10/08-13:45:33.250670 7f43cbae5cc0 Options.compaction_options_universal.stop_style: kCompactionStopStyleTotalSize
2023/10/08-13:45:33.250671 7f43cbae5cc0 Options.compaction_options_fifo.max_table_files_size: 1073741824
2023/10/08-13:45:33.250672 7f43cbae5cc0 Options.compaction_options_fifo.allow_compaction: 0
2023/10/08-13:45:33.250675 7f43cbae5cc0                   Options.table_properties_collectors: 
2023/10/08-13:45:33.250676 7f43cbae5cc0                   Options.inplace_update_support: 0
2023/10/08-13:45:33.250677 7f43cbae5cc0                 Options.inplace_update_num_locks: 10000
2023/10/08-13:45:33.250678 7f43cbae5cc0               Options.memtable_prefix_bloom_size_ratio: 0.000000
2023/10/08-13:45:33.250680 7f43cbae5cc0               Options.memtable_whole_key_filtering: 0
2023/10/08-13:45:33.250681 7f43cbae5cc0   Options.memtable_huge_page_size: 0
2023/10/08-13:45:33.250682 7f43cbae5cc0                           Options.bloom_locality: 0
2023/10/08-13:45:33.250683 7f43cbae5cc0                    Options.max_successive_merges: 0
2023/10/08-13:45:33.250684 7f43cbae5cc0                Options.optimize_filters_for_hits: 0
2023/10/08-13:45:33.250685 7f43cbae5cc0                Options.paranoid_file_checks: 0
2023/10/08-13:45:33.250686 7f43cbae5cc0                Options.force_consistency_checks: 1
2023/10/08-13:45:33.250687 7f43cbae5cc0                Options.report_bg_io_stats: 0
2023/10/08-13:45:33.250688 7f43cbae5cc0                               Options.ttl: 2592000
2023/10/08-13:45:33.250689 7f43cbae5cc0          Options.periodic_compaction_seconds: 2592000
2023/10/08-13:45:33.250690 7f43cbae5cc0                    Options.enable_blob_files: false
2023/10/08-13:45:33.250691 7f43cbae5cc0                        Options.min_blob_size: 0
2023/10/08-13:45:33.250692 7f43cbae5cc0                       Options.blob_file_size: 268435456
2023/10/08-13:45:33.250693 7f43cbae5cc0                Options.blob_compression_type: NoCompression
2023/10/08-13:45:33.250694 7f43cbae5cc0       Options.enable_blob_garbage_collection: false
2023/10/08-13:45:33.250695 7f43cbae5cc0   Options.blob_garbage_collection_age_cutoff: 0.250000
2023/10/08-13:45:33.250750 7f43cbae5cc0 [db/column_family.cc:595] --------------- Options for column family [NZ]:
2023/10/08-13:45:33.250753 7f43cbae5cc0               Options.comparator: leveldb.BytewiseComparator
2023/10/08-13:45:33.250754 7f43cbae5cc0           Options.merge_operator: None
2023/10/08-13:45:33.250755 7f43cbae5cc0        Options.compaction_filter: filter_outdated
2023/10/08-13:45:33.250766 7f43cbae5cc0        Options.compaction_filter_factory: None
2023/10/08-13:45:33.250767 7f43cbae5cc0  Options.sst_partitioner_factory: None
2023/10/08-13:45:33.250768 7f43cbae5cc0         Options.memtable_factory: SkipListFactory
2023/10/08-13:45:33.250769 7f43cbae5cc0            Options.table_factory: BlockBasedTable
2023/10/08-13:45:33.250789 7f43cbae5cc0            table_factory options:   flush_block_policy_factory: FlushBlockBySizePolicyFactory (0x562f947688a0)
  cache_index_and_filter_blocks: 0
  cache_index_and_filter_blocks_with_high_priority: 1
  pin_l0_filter_and_index_blocks_in_cache: 0
  pin_top_level_index_and_filter: 1
  index_type: 0
  data_block_index_type: 0
  index_shortening: 1
  data_block_hash_table_util_ratio: 0.750000
  hash_index_allow_collision: 1
  checksum: 1
  no_block_cache: 0
  block_cache: 0x562f947688f0
  block_cache_name: LRUCache
  block_cache_options:
    capacity : 8388608
    num_shard_bits : 4
    strict_capacity_limit : 0
    memory_allocator : None
    high_pri_pool_ratio: 0.000
  block_cache_compressed: (nil)
  persistent_cache: (nil)
  block_size: 4096
  block_size_deviation: 10
  block_restart_interval: 16
  index_block_restart_interval: 1
  metadata_block_size: 4096
  partition_filters: 0
  use_delta_encoding: 1
  filter_policy: nullptr
  whole_key_filtering: 1
  verify_compression: 0
  read_amp_bytes_per_bit: 0
  format_version: 4
  enable_index_compression: 1
  block_align: 0
2023/10/08-13:45:33.250790 7f43cbae5cc0        Options.write_buffer_size: 67108864
2023/10/08-13:45:33.250792 7f43cbae5cc0  Options.max_write_buffer_number: 2
2023/10/08-13:45:33.250793 7f43cbae5cc0          Options.compression: NoCompression
2023/10/08-13:45:33.250794 7f43cbae5cc0                  Options.bottommost_compression: Disabled
2023/10/08-13:45:33.250795 7f43cbae5cc0       Options.prefix_extractor: nullptr
2023/10/08-13:45:33.250796 7f43cbae5cc0   Options.memtable_insert_with_hint_prefix_extractor: nullptr
2023/10/08-13:45:33.250797 7f43cbae5cc0             Options.num_levels: 7
2023/10/08-13:45:33.250798 7f43cbae5cc0        Options.min_write_buffer_number_to_merge: 1
2023/10/08-13:45:33.250799 7f43cbae5cc0     Options.max_write_buffer_number_to_maintain: 0
2023/10/08-13:45:33.250800 7f43cbae5cc0     Options.max_write_buffer_size_to_maintain: 0
2023/10/08-13:45:33.250801 7f43cbae5cc0            Options.bottommost_compression_opts.window_bits: -14
2023/10/08-13:45:33.250802 7f43cbae5cc0                  Options.bottommost_compression_opts.level: 32767
2023/10/08-13:45:33.250803 7f43cbae5cc0               Options.bottommost_compression_opts.strategy: 0
2023/10/08-13:45:33.250804 7f43cbae5cc0         Options.bottommost_compression_opts.max_dict_bytes: 0
2023/10/08-13:45:33.250805 7f43cbae5cc0         Options.bottommost_compression_opts.zstd_max_train_bytes: 0
2023/10/08-13:45:33.250806 7f43cbae5cc0         Options.bottommost_compression_opts.parallel_threads: 1
