2023/10/04-23:41:30.785523 7f65366dccc0 RocksDB version: 6.17.0
2023/10/04-23:41:30.785961 7f65366dccc0 Git sha 0
2023/10/04-23:41:30.786042 7f65366dccc0 DB SUMMARY
2023/10/04-23:41:30.786045 7f65366dccc0 DB Session ID:  31AJVR2ZTA180MW2WOT8
2023/10/04-23:41:30.786116 7f65366dccc0 CURRENT file:  CURRENT
2023/10/04-23:41:30.786119 7f65366dccc0 IDENTITY file:  IDENTITY
2023/10/04-23:41:30.786126 7f65366dccc0 MANIFEST file:  MANIFEST-000003 size: 7908 Bytes
2023/10/04-23:41:30.786129 7f65366dccc0 SST files in /home/ecr/ic-projects/dkeeper/.dfx/state/replicated_state/node-100/ic_consensus_pool/consensus dir, Total Num: 12, files: 000056.sst 000058.sst 000060.sst 000062.sst 000064.sst 000066.sst 000068.sst 000070.sst 000072.sst 
2023/10/04-23:41:30.786131 7f65366dccc0 Write Ahead Log file in /home/ecr/ic-projects/dkeeper/.dfx/state/replicated_state/node-100/ic_consensus_pool/consensus: 000054.log size: 2300 ; 000075.log size: 16040021 ; 
2023/10/04-23:41:30.786133 7f65366dccc0                         Options.error_if_exists: 0
2023/10/04-23:41:30.786135 7f65366dccc0                       Options.create_if_missing: 1
2023/10/04-23:41:30.786137 7f65366dccc0                         Options.paranoid_checks: 1
2023/10/04-23:41:30.786138 7f65366dccc0                               Options.track_and_verify_wals_in_manifest: 0
2023/10/04-23:41:30.786140 7f65366dccc0                                     Options.env: 0x55d8ca8ce380
2023/10/04-23:41:30.786142 7f65366dccc0                                      Options.fs: Posix File System
2023/10/04-23:41:30.786143 7f65366dccc0                                Options.info_log: 0x55d904346590
2023/10/04-23:41:30.786144 7f65366dccc0                Options.max_file_opening_threads: 16
2023/10/04-23:41:30.786146 7f65366dccc0                              Options.statistics: (nil)
2023/10/04-23:41:30.786147 7f65366dccc0                               Options.use_fsync: 1
2023/10/04-23:41:30.786149 7f65366dccc0                       Options.max_log_file_size: 0
2023/10/04-23:41:30.786150 7f65366dccc0                  Options.max_manifest_file_size: 1073741824
2023/10/04-23:41:30.786152 7f65366dccc0                   Options.log_file_time_to_roll: 0
2023/10/04-23:41:30.786153 7f65366dccc0                       Options.keep_log_file_num: 1000
2023/10/04-23:41:30.786154 7f65366dccc0                    Options.recycle_log_file_num: 0
2023/10/04-23:41:30.786156 7f65366dccc0                         Options.allow_fallocate: 1
2023/10/04-23:41:30.786157 7f65366dccc0                        Options.allow_mmap_reads: 0
2023/10/04-23:41:30.786159 7f65366dccc0                       Options.allow_mmap_writes: 0
2023/10/04-23:41:30.786160 7f65366dccc0                        Options.use_direct_reads: 0
2023/10/04-23:41:30.786161 7f65366dccc0                        Options.use_direct_io_for_flush_and_compaction: 0
2023/10/04-23:41:30.786162 7f65366dccc0          Options.create_missing_column_families: 1
2023/10/04-23:41:30.786164 7f65366dccc0                              Options.db_log_dir: 
2023/10/04-23:41:30.786165 7f65366dccc0                                 Options.wal_dir: /home/ecr/ic-projects/dkeeper/.dfx/state/replicated_state/node-100/ic_consensus_pool/consensus
2023/10/04-23:41:30.786167 7f65366dccc0                Options.table_cache_numshardbits: 6
2023/10/04-23:41:30.786168 7f65366dccc0                         Options.WAL_ttl_seconds: 0
2023/10/04-23:41:30.786169 7f65366dccc0                       Options.WAL_size_limit_MB: 0
2023/10/04-23:41:30.786171 7f65366dccc0                        Options.max_write_batch_group_size_bytes: 1048576
2023/10/04-23:41:30.786172 7f65366dccc0             Options.manifest_preallocation_size: 4194304
2023/10/04-23:41:30.786173 7f65366dccc0                     Options.is_fd_close_on_exec: 1
2023/10/04-23:41:30.786175 7f65366dccc0                   Options.advise_random_on_open: 1
2023/10/04-23:41:30.786176 7f65366dccc0                    Options.db_write_buffer_size: 0
2023/10/04-23:41:30.786177 7f65366dccc0                    Options.write_buffer_manager: 0x55d904344770
2023/10/04-23:41:30.786179 7f65366dccc0         Options.access_hint_on_compaction_start: 1
2023/10/04-23:41:30.786203 7f65366dccc0  Options.new_table_reader_for_compaction_inputs: 0
2023/10/04-23:41:30.786205 7f65366dccc0           Options.random_access_max_buffer_size: 1048576
2023/10/04-23:41:30.786207 7f65366dccc0                      Options.use_adaptive_mutex: 0
2023/10/04-23:41:30.786208 7f65366dccc0                            Options.rate_limiter: (nil)
2023/10/04-23:41:30.786210 7f65366dccc0     Options.sst_file_manager.rate_bytes_per_sec: 0
2023/10/04-23:41:30.786212 7f65366dccc0                       Options.wal_recovery_mode: 2
2023/10/04-23:41:30.786213 7f65366dccc0                  Options.enable_thread_tracking: 0
2023/10/04-23:41:30.786214 7f65366dccc0                  Options.enable_pipelined_write: 0
2023/10/04-23:41:30.786215 7f65366dccc0                  Options.unordered_write: 0
2023/10/04-23:41:30.786217 7f65366dccc0         Options.allow_concurrent_memtable_write: 1
2023/10/04-23:41:30.786218 7f65366dccc0      Options.enable_write_thread_adaptive_yield: 1
2023/10/04-23:41:30.786219 7f65366dccc0             Options.write_thread_max_yield_usec: 100
2023/10/04-23:41:30.786221 7f65366dccc0            Options.write_thread_slow_yield_usec: 3
2023/10/04-23:41:30.786222 7f65366dccc0                               Options.row_cache: None
2023/10/04-23:41:30.786224 7f65366dccc0                              Options.wal_filter: None
2023/10/04-23:41:30.786225 7f65366dccc0             Options.avoid_flush_during_recovery: 0
2023/10/04-23:41:30.786227 7f65366dccc0             Options.allow_ingest_behind: 0
2023/10/04-23:41:30.786228 7f65366dccc0             Options.preserve_deletes: 0
2023/10/04-23:41:30.786229 7f65366dccc0             Options.two_write_queues: 0
2023/10/04-23:41:30.786231 7f65366dccc0             Options.manual_wal_flush: 0
2023/10/04-23:41:30.786232 7f65366dccc0             Options.atomic_flush: 0
2023/10/04-23:41:30.786233 7f65366dccc0             Options.avoid_unnecessary_blocking_io: 0
2023/10/04-23:41:30.786234 7f65366dccc0                 Options.persist_stats_to_disk: 0
2023/10/04-23:41:30.786236 7f65366dccc0                 Options.write_dbid_to_manifest: 0
2023/10/04-23:41:30.786237 7f65366dccc0                 Options.log_readahead_size: 0
2023/10/04-23:41:30.786238 7f65366dccc0                 Options.file_checksum_gen_factory: Unknown
2023/10/04-23:41:30.786240 7f65366dccc0                 Options.best_efforts_recovery: 0
2023/10/04-23:41:30.786241 7f65366dccc0                Options.max_bgerror_resume_count: 2147483647
2023/10/04-23:41:30.786243 7f65366dccc0            Options.bgerror_resume_retry_interval: 1000000
2023/10/04-23:41:30.786244 7f65366dccc0             Options.allow_data_in_errors: 0
2023/10/04-23:41:30.786245 7f65366dccc0             Options.db_host_id: __hostname__
2023/10/04-23:41:30.786247 7f65366dccc0             Options.max_background_jobs: 2
2023/10/04-23:41:30.786248 7f65366dccc0             Options.max_background_compactions: -1
2023/10/04-23:41:30.786250 7f65366dccc0             Options.max_subcompactions: 1
2023/10/04-23:41:30.786251 7f65366dccc0             Options.avoid_flush_during_shutdown: 0
2023/10/04-23:41:30.786252 7f65366dccc0           Options.writable_file_max_buffer_size: 1048576
2023/10/04-23:41:30.786254 7f65366dccc0             Options.delayed_write_rate : 16777216
2023/10/04-23:41:30.786255 7f65366dccc0             Options.max_total_wal_size: 0
2023/10/04-23:41:30.786257 7f65366dccc0             Options.delete_obsolete_files_period_micros: 21600000000
2023/10/04-23:41:30.786258 7f65366dccc0                   Options.stats_dump_period_sec: 600
2023/10/04-23:41:30.786260 7f65366dccc0                 Options.stats_persist_period_sec: 600
2023/10/04-23:41:30.786261 7f65366dccc0                 Options.stats_history_buffer_size: 1048576
2023/10/04-23:41:30.786262 7f65366dccc0                          Options.max_open_files: -1
2023/10/04-23:41:30.786264 7f65366dccc0                          Options.bytes_per_sync: 0
2023/10/04-23:41:30.786265 7f65366dccc0                      Options.wal_bytes_per_sync: 0
2023/10/04-23:41:30.786266 7f65366dccc0                   Options.strict_bytes_per_sync: 0
2023/10/04-23:41:30.786279 7f65366dccc0       Options.compaction_readahead_size: 0
2023/10/04-23:41:30.786281 7f65366dccc0                  Options.max_background_flushes: -1
2023/10/04-23:41:30.786282 7f65366dccc0 Compression algorithms supported:
2023/10/04-23:41:30.786284 7f65366dccc0 	kZSTDNotFinalCompression supported: 1
2023/10/04-23:41:30.786292 7f65366dccc0 	kZSTD supported: 1
2023/10/04-23:41:30.786294 7f65366dccc0 	kXpressCompression supported: 0
2023/10/04-23:41:30.786296 7f65366dccc0 	kLZ4HCCompression supported: 1
2023/10/04-23:41:30.786297 7f65366dccc0 	kLZ4Compression supported: 1
2023/10/04-23:41:30.786299 7f65366dccc0 	kBZip2Compression supported: 1
2023/10/04-23:41:30.786300 7f65366dccc0 	kZlibCompression supported: 1
2023/10/04-23:41:30.786302 7f65366dccc0 	kSnappyCompression supported: 1
2023/10/04-23:41:30.786308 7f65366dccc0 Fast CRC32 supported: Supported on x86
2023/10/04-23:41:30.787098 7f65366dccc0 [db/version_set.cc:4758] Recovering from manifest file: /home/ecr/ic-projects/dkeeper/.dfx/state/replicated_state/node-100/ic_consensus_pool/consensus/MANIFEST-000003
2023/10/04-23:41:30.787396 7f65366dccc0 [db/column_family.cc:595] --------------- Options for column family [default]:
2023/10/04-23:41:30.787401 7f65366dccc0               Options.comparator: leveldb.BytewiseComparator
2023/10/04-23:41:30.787403 7f65366dccc0           Options.merge_operator: None
2023/10/04-23:41:30.787405 7f65366dccc0        Options.compaction_filter: None
2023/10/04-23:41:30.787406 7f65366dccc0        Options.compaction_filter_factory: None
2023/10/04-23:41:30.787408 7f65366dccc0  Options.sst_partitioner_factory: None
2023/10/04-23:41:30.787409 7f65366dccc0         Options.memtable_factory: SkipListFactory
2023/10/04-23:41:30.787411 7f65366dccc0            Options.table_factory: BlockBasedTable
2023/10/04-23:41:30.787464 7f65366dccc0            table_factory options:   flush_block_policy_factory: FlushBlockBySizePolicyFactory (0x55d904342220)
  cache_index_and_filter_blocks: 0
  cache_index_and_filter_blocks_with_high_priority: 1
  pin_l0_filter_and_index_blocks_in_cache: 0
  pin_top_level_index_and_filter: 1
  index_type: 0
  data_block_index_type: 0
  index_shortening: 1
  data_block_hash_table_util_ratio: 0.750000
  hash_index_allow_collision: 1
  checksum: 1
  no_block_cache: 0
  block_cache: 0x55d904342270
  block_cache_name: LRUCache
  block_cache_options:
    capacity : 8388608
    num_shard_bits : 4
    strict_capacity_limit : 0
    memory_allocator : None
    high_pri_pool_ratio: 0.000
  block_cache_compressed: (nil)
  persistent_cache: (nil)
  block_size: 4096
  block_size_deviation: 10
  block_restart_interval: 16
  index_block_restart_interval: 1
  metadata_block_size: 4096
  partition_filters: 0
  use_delta_encoding: 1
  filter_policy: nullptr
  whole_key_filtering: 1
  verify_compression: 0
  read_amp_bytes_per_bit: 0
  format_version: 4
  enable_index_compression: 1
  block_align: 0
2023/10/04-23:41:30.787474 7f65366dccc0        Options.write_buffer_size: 67108864
2023/10/04-23:41:30.787476 7f65366dccc0  Options.max_write_buffer_number: 2
2023/10/04-23:41:30.787478 7f65366dccc0          Options.compression: Snappy
2023/10/04-23:41:30.787479 7f65366dccc0                  Options.bottommost_compression: Disabled
2023/10/04-23:41:30.787481 7f65366dccc0       Options.prefix_extractor: nullptr
2023/10/04-23:41:30.787482 7f65366dccc0   Options.memtable_insert_with_hint_prefix_extractor: nullptr
2023/10/04-23:41:30.787483 7f65366dccc0             Options.num_levels: 7
2023/10/04-23:41:30.787485 7f65366dccc0        Options.min_write_buffer_number_to_merge: 1
2023/10/04-23:41:30.787486 7f65366dccc0     Options.max_write_buffer_number_to_maintain: 0
2023/10/04-23:41:30.787487 7f65366dccc0     Options.max_write_buffer_size_to_maintain: 0
2023/10/04-23:41:30.787489 7f65366dccc0            Options.bottommost_compression_opts.window_bits: -14
2023/10/04-23:41:30.787490 7f65366dccc0                  Options.bottommost_compression_opts.level: 32767
2023/10/04-23:41:30.787567 7f65366dccc0               Options.bottommost_compression_opts.strategy: 0
2023/10/04-23:41:30.787571 7f65366dccc0         Options.bottommost_compression_opts.max_dict_bytes: 0
2023/10/04-23:41:30.787573 7f65366dccc0         Options.bottommost_compression_opts.zstd_max_train_bytes: 0
2023/10/04-23:41:30.787574 7f65366dccc0         Options.bottommost_compression_opts.parallel_threads: 1
2023/10/04-23:41:30.787576 7f65366dccc0                  Options.bottommost_compression_opts.enabled: false
2023/10/04-23:41:30.787577 7f65366dccc0            Options.compression_opts.window_bits: -14
2023/10/04-23:41:30.787579 7f65366dccc0                  Options.compression_opts.level: 32767
2023/10/04-23:41:30.787580 7f65366dccc0               Options.compression_opts.strategy: 0
2023/10/04-23:41:30.787581 7f65366dccc0         Options.compression_opts.max_dict_bytes: 0
2023/10/04-23:41:30.787583 7f65366dccc0         Options.compression_opts.zstd_max_train_bytes: 0
2023/10/04-23:41:30.787584 7f65366dccc0         Options.compression_opts.parallel_threads: 1
2023/10/04-23:41:30.787585 7f65366dccc0                  Options.compression_opts.enabled: false
2023/10/04-23:41:30.787587 7f65366dccc0      Options.level0_file_num_compaction_trigger: 4
2023/10/04-23:41:30.787588 7f65366dccc0          Options.level0_slowdown_writes_trigger: 20
2023/10/04-23:41:30.787589 7f65366dccc0              Options.level0_stop_writes_trigger: 36
2023/10/04-23:41:30.787591 7f65366dccc0                   Options.target_file_size_base: 67108864
2023/10/04-23:41:30.787592 7f65366dccc0             Options.target_file_size_multiplier: 1
2023/10/04-23:41:30.787594 7f65366dccc0                Options.max_bytes_for_level_base: 268435456
2023/10/04-23:41:30.787595 7f65366dccc0 Options.level_compaction_dynamic_level_bytes: 0
2023/10/04-23:41:30.787596 7f65366dccc0          Options.max_bytes_for_level_multiplier: 10.000000
2023/10/04-23:41:30.787600 7f65366dccc0 Options.max_bytes_for_level_multiplier_addtl[0]: 1
2023/10/04-23:41:30.787602 7f65366dccc0 Options.max_bytes_for_level_multiplier_addtl[1]: 1
2023/10/04-23:41:30.787603 7f65366dccc0 Options.max_bytes_for_level_multiplier_addtl[2]: 1
2023/10/04-23:41:30.787605 7f65366dccc0 Options.max_bytes_for_level_multiplier_addtl[3]: 1
2023/10/04-23:41:30.787606 7f65366dccc0 Options.max_bytes_for_level_multiplier_addtl[4]: 1
2023/10/04-23:41:30.787608 7f65366dccc0 Options.max_bytes_for_level_multiplier_addtl[5]: 1
2023/10/04-23:41:30.787609 7f65366dccc0 Options.max_bytes_for_level_multiplier_addtl[6]: 1
2023/10/04-23:41:30.787610 7f65366dccc0       Options.max_sequential_skip_in_iterations: 8
2023/10/04-23:41:30.787612 7f65366dccc0                    Options.max_compaction_bytes: 1677721600
2023/10/04-23:41:30.787613 7f65366dccc0                        Options.arena_block_size: 8388608
2023/10/04-23:41:30.787615 7f65366dccc0   Options.soft_pending_compaction_bytes_limit: 68719476736
2023/10/04-23:41:30.787616 7f65366dccc0   Options.hard_pending_compaction_bytes_limit: 274877906944
2023/10/04-23:41:30.787617 7f65366dccc0       Options.rate_limit_delay_max_milliseconds: 100
2023/10/04-23:41:30.787619 7f65366dccc0                Options.disable_auto_compactions: 0
2023/10/04-23:41:30.787622 7f65366dccc0                        Options.compaction_style: kCompactionStyleLevel
2023/10/04-23:41:30.787624 7f65366dccc0                          Options.compaction_pri: kMinOverlappingRatio
2023/10/04-23:41:30.787625 7f65366dccc0 Options.compaction_options_universal.size_ratio: 1
2023/10/04-23:41:30.787627 7f65366dccc0 Options.compaction_options_universal.min_merge_width: 2
2023/10/04-23:41:30.787628 7f65366dccc0 Options.compaction_options_universal.max_merge_width: 4294967295
2023/10/04-23:41:30.787629 7f65366dccc0 Options.compaction_options_universal.max_size_amplification_percent: 200
2023/10/04-23:41:30.787631 7f65366dccc0 Options.compaction_options_universal.compression_size_percent: -1
2023/10/04-23:41:30.787633 7f65366dccc0 Options.compaction_options_universal.stop_style: kCompactionStopStyleTotalSize
2023/10/04-23:41:30.787655 7f65366dccc0 Options.compaction_options_fifo.max_table_files_size: 1073741824
2023/10/04-23:41:30.787657 7f65366dccc0 Options.compaction_options_fifo.allow_compaction: 0
2023/10/04-23:41:30.787664 7f65366dccc0                   Options.table_properties_collectors: 
2023/10/04-23:41:30.787665 7f65366dccc0                   Options.inplace_update_support: 0
2023/10/04-23:41:30.787805 7f65366dccc0                 Options.inplace_update_num_locks: 10000
2023/10/04-23:41:30.787807 7f65366dccc0               Options.memtable_prefix_bloom_size_ratio: 0.000000
2023/10/04-23:41:30.787810 7f65366dccc0               Options.memtable_whole_key_filtering: 0
2023/10/04-23:41:30.787812 7f65366dccc0   Options.memtable_huge_page_size: 0
2023/10/04-23:41:30.787813 7f65366dccc0                           Options.bloom_locality: 0
2023/10/04-23:41:30.787815 7f65366dccc0                    Options.max_successive_merges: 0
2023/10/04-23:41:30.787816 7f65366dccc0                Options.optimize_filters_for_hits: 0
2023/10/04-23:41:30.787817 7f65366dccc0                Options.paranoid_file_checks: 0
2023/10/04-23:41:30.787818 7f65366dccc0                Options.force_consistency_checks: 1
2023/10/04-23:41:30.787820 7f65366dccc0                Options.report_bg_io_stats: 0
2023/10/04-23:41:30.787821 7f65366dccc0                               Options.ttl: 2592000
2023/10/04-23:41:30.787823 7f65366dccc0          Options.periodic_compaction_seconds: 0
2023/10/04-23:41:30.787824 7f65366dccc0                    Options.enable_blob_files: false
2023/10/04-23:41:30.787825 7f65366dccc0                        Options.min_blob_size: 0
2023/10/04-23:41:30.787827 7f65366dccc0                       Options.blob_file_size: 268435456
2023/10/04-23:41:30.787828 7f65366dccc0                Options.blob_compression_type: NoCompression
2023/10/04-23:41:30.787830 7f65366dccc0       Options.enable_blob_garbage_collection: false
2023/10/04-23:41:30.787831 7f65366dccc0   Options.blob_garbage_collection_age_cutoff: 0.250000
2023/10/04-23:41:30.788638 7f65366dccc0 [db/column_family.cc:595] --------------- Options for column family [RB]:
2023/10/04-23:41:30.788648 7f65366dccc0               Options.comparator: leveldb.BytewiseComparator
2023/10/04-23:41:30.788650 7f65366dccc0           Options.merge_operator: None
2023/10/04-23:41:30.788653 7f65366dccc0        Options.compaction_filter: filter_outdated
2023/10/04-23:41:30.788655 7f65366dccc0        Options.compaction_filter_factory: None
2023/10/04-23:41:30.788656 7f65366dccc0  Options.sst_partitioner_factory: None
2023/10/04-23:41:30.788658 7f65366dccc0         Options.memtable_factory: SkipListFactory
2023/10/04-23:41:30.788659 7f65366dccc0            Options.table_factory: BlockBasedTable
2023/10/04-23:41:30.788704 7f65366dccc0            table_factory options:   flush_block_policy_factory: FlushBlockBySizePolicyFactory (0x55d904328370)
  cache_index_and_filter_blocks: 0
  cache_index_and_filter_blocks_with_high_priority: 1
  pin_l0_filter_and_index_blocks_in_cache: 0
  pin_top_level_index_and_filter: 1
  index_type: 0
  data_block_index_type: 0
  index_shortening: 1
  data_block_hash_table_util_ratio: 0.750000
  hash_index_allow_collision: 1
  checksum: 1
  no_block_cache: 0
  block_cache: 0x55d9043283c0
  block_cache_name: LRUCache
  block_cache_options:
    capacity : 8388608
    num_shard_bits : 4
    strict_capacity_limit : 0
    memory_allocator : None
    high_pri_pool_ratio: 0.000
  block_cache_compressed: (nil)
  persistent_cache: (nil)
  block_size: 4096
  block_size_deviation: 10
  block_restart_interval: 16
  index_block_restart_interval: 1
  metadata_block_size: 4096
  partition_filters: 0
  use_delta_encoding: 1
  filter_policy: nullptr
  whole_key_filtering: 1
  verify_compression: 0
  read_amp_bytes_per_bit: 0
  format_version: 4
  enable_index_compression: 1
  block_align: 0
2023/10/04-23:41:30.788710 7f65366dccc0        Options.write_buffer_size: 67108864
2023/10/04-23:41:30.788712 7f65366dccc0  Options.max_write_buffer_number: 2
2023/10/04-23:41:30.788713 7f65366dccc0          Options.compression: NoCompression
2023/10/04-23:41:30.788790 7f65366dccc0                  Options.bottommost_compression: Disabled
2023/10/04-23:41:30.788798 7f65366dccc0       Options.prefix_extractor: nullptr
2023/10/04-23:41:30.788803 7f65366dccc0   Options.memtable_insert_with_hint_prefix_extractor: nullptr
2023/10/04-23:41:30.788807 7f65366dccc0             Options.num_levels: 7
2023/10/04-23:41:30.788812 7f65366dccc0        Options.min_write_buffer_number_to_merge: 1
2023/10/04-23:41:30.788815 7f65366dccc0     Options.max_write_buffer_number_to_maintain: 0
2023/10/04-23:41:30.788818 7f65366dccc0     Options.max_write_buffer_size_to_maintain: 0
2023/10/04-23:41:30.788822 7f65366dccc0            Options.bottommost_compression_opts.window_bits: -14
2023/10/04-23:41:30.788824 7f65366dccc0                  Options.bottommost_compression_opts.level: 32767
2023/10/04-23:41:30.788826 7f65366dccc0               Options.bottommost_compression_opts.strategy: 0
2023/10/04-23:41:30.788828 7f65366dccc0         Options.bottommost_compression_opts.max_dict_bytes: 0
2023/10/04-23:41:30.788831 7f65366dccc0         Options.bottommost_compression_opts.zstd_max_train_bytes: 0
2023/10/04-23:41:30.788833 7f65366dccc0         Options.bottommost_compression_opts.parallel_threads: 1
2023/10/04-23:41:30.788835 7f65366dccc0                  Options.bottommost_compression_opts.enabled: false
2023/10/04-23:41:30.788838 7f65366dccc0            Options.compression_opts.window_bits: -14
2023/10/04-23:41:30.788841 7f65366dccc0                  Options.compression_opts.level: 32767
2023/10/04-23:41:30.788844 7f65366dccc0               Options.compression_opts.strategy: 0
2023/10/04-23:41:30.788847 7f65366dccc0         Options.compression_opts.max_dict_bytes: 0
2023/10/04-23:41:30.788850 7f65366dccc0         Options.compression_opts.zstd_max_train_bytes: 0
2023/10/04-23:41:30.788852 7f65366dccc0         Options.compression_opts.parallel_threads: 1
2023/10/04-23:41:30.788855 7f65366dccc0                  Options.compression_opts.enabled: false
2023/10/04-23:41:30.788858 7f65366dccc0      Options.level0_file_num_compaction_trigger: 4
2023/10/04-23:41:30.788861 7f65366dccc0          Options.level0_slowdown_writes_trigger: 20
2023/10/04-23:41:30.788864 7f65366dccc0              Options.level0_stop_writes_trigger: 36
2023/10/04-23:41:30.788866 7f65366dccc0                   Options.target_file_size_base: 67108864
2023/10/04-23:41:30.788869 7f65366dccc0             Options.target_file_size_multiplier: 1
2023/10/04-23:41:30.788872 7f65366dccc0                Options.max_bytes_for_level_base: 268435456
2023/10/04-23:41:30.788875 7f65366dccc0 Options.level_compaction_dynamic_level_bytes: 0
2023/10/04-23:41:30.788878 7f65366dccc0          Options.max_bytes_for_level_multiplier: 10.000000
2023/10/04-23:41:30.788883 7f65366dccc0 Options.max_bytes_for_level_multiplier_addtl[0]: 1
2023/10/04-23:41:30.788887 7f65366dccc0 Options.max_bytes_for_level_multiplier_addtl[1]: 1
2023/10/04-23:41:30.788890 7f65366dccc0 Options.max_bytes_for_level_multiplier_addtl[2]: 1
2023/10/04-23:41:30.788893 7f65366dccc0 Options.max_bytes_for_level_multiplier_addtl[3]: 1
2023/10/04-23:41:30.788895 7f65366dccc0 Options.max_bytes_for_level_multiplier_addtl[4]: 1
2023/10/04-23:41:30.788898 7f65366dccc0 Options.max_bytes_for_level_multiplier_addtl[5]: 1
2023/10/04-23:41:30.788901 7f65366dccc0 Options.max_bytes_for_level_multiplier_addtl[6]: 1
2023/10/04-23:41:30.788904 7f65366dccc0       Options.max_sequential_skip_in_iterations: 8
2023/10/04-23:41:30.788906 7f65366dccc0                    Options.max_compaction_bytes: 1677721600
2023/10/04-23:41:30.788909 7f65366dccc0                        Options.arena_block_size: 8388608
2023/10/04-23:41:30.788912 7f65366dccc0   Options.soft_pending_compaction_bytes_limit: 68719476736
2023/10/04-23:41:30.788914 7f65366dccc0   Options.hard_pending_compaction_bytes_limit: 274877906944
2023/10/04-23:41:30.788917 7f65366dccc0       Options.rate_limit_delay_max_milliseconds: 100
2023/10/04-23:41:30.788920 7f65366dccc0                Options.disable_auto_compactions: 1
2023/10/04-23:41:30.788951 7f65366dccc0                        Options.compaction_style: kCompactionStyleLevel
2023/10/04-23:41:30.788955 7f65366dccc0                          Options.compaction_pri: kMinOverlappingRatio
2023/10/04-23:41:30.788958 7f65366dccc0 Options.compaction_options_universal.size_ratio: 1
2023/10/04-23:41:30.788960 7f65366dccc0 Options.compaction_options_universal.min_merge_width: 2
2023/10/04-23:41:30.789001 7f65366dccc0 Options.compaction_options_universal.max_merge_width: 4294967295
2023/10/04-23:41:30.789005 7f65366dccc0 Options.compaction_options_universal.max_size_amplification_percent: 200
2023/10/04-23:41:30.789008 7f65366dccc0 Options.compaction_options_universal.compression_size_percent: -1
2023/10/04-23:41:30.789012 7f65366dccc0 Options.compaction_options_universal.stop_style: kCompactionStopStyleTotalSize
2023/10/04-23:41:30.789015 7f65366dccc0 Options.compaction_options_fifo.max_table_files_size: 1073741824
2023/10/04-23:41:30.789017 7f65366dccc0 Options.compaction_options_fifo.allow_compaction: 0
2023/10/04-23:41:30.789027 7f65366dccc0                   Options.table_properties_collectors: 
2023/10/04-23:41:30.789030 7f65366dccc0                   Options.inplace_update_support: 0
2023/10/04-23:41:30.789033 7f65366dccc0                 Options.inplace_update_num_locks: 10000
2023/10/04-23:41:30.789036 7f65366dccc0               Options.memtable_prefix_bloom_size_ratio: 0.000000
2023/10/04-23:41:30.789041 7f65366dccc0               Options.memtable_whole_key_filtering: 0
2023/10/04-23:41:30.789044 7f65366dccc0   Options.memtable_huge_page_size: 0
2023/10/04-23:41:30.789047 7f65366dccc0                           Options.bloom_locality: 0
2023/10/04-23:41:30.789049 7f65366dccc0                    Options.max_successive_merges: 0
2023/10/04-23:41:30.789052 7f65366dccc0                Options.optimize_filters_for_hits: 0
2023/10/04-23:41:30.789055 7f65366dccc0                Options.paranoid_file_checks: 0
2023/10/04-23:41:30.789058 7f65366dccc0                Options.force_consistency_checks: 1
2023/10/04-23:41:30.789060 7f65366dccc0                Options.report_bg_io_stats: 0
2023/10/04-23:41:30.789063 7f65366dccc0                               Options.ttl: 2592000
2023/10/04-23:41:30.789066 7f65366dccc0          Options.periodic_compaction_seconds: 2592000
2023/10/04-23:41:30.789069 7f65366dccc0                    Options.enable_blob_files: false
2023/10/04-23:41:30.789072 7f65366dccc0                        Options.min_blob_size: 0
2023/10/04-23:41:30.789074 7f65366dccc0                       Options.blob_file_size: 268435456
2023/10/04-23:41:30.789077 7f65366dccc0                Options.blob_compression_type: NoCompression
2023/10/04-23:41:30.789080 7f65366dccc0       Options.enable_blob_garbage_collection: false
2023/10/04-23:41:30.789082 7f65366dccc0   Options.blob_garbage_collection_age_cutoff: 0.250000
2023/10/04-23:41:30.789219 7f65366dccc0 [db/column_family.cc:595] --------------- Options for column family [FZ]:
2023/10/04-23:41:30.789224 7f65366dccc0               Options.comparator: leveldb.BytewiseComparator
2023/10/04-23:41:30.789227 7f65366dccc0           Options.merge_operator: None
2023/10/04-23:41:30.789230 7f65366dccc0        Options.compaction_filter: filter_outdated
2023/10/04-23:41:30.789233 7f65366dccc0        Options.compaction_filter_factory: None
2023/10/04-23:41:30.789236 7f65366dccc0  Options.sst_partitioner_factory: None
2023/10/04-23:41:30.789239 7f65366dccc0         Options.memtable_factory: SkipListFactory
2023/10/04-23:41:30.789241 7f65366dccc0            Options.table_factory: BlockBasedTable
2023/10/04-23:41:30.789328 7f65366dccc0            table_factory options:   flush_block_policy_factory: FlushBlockBySizePolicyFactory (0x55d90432a5f0)
  cache_index_and_filter_blocks: 0
  cache_index_and_filter_blocks_with_high_priority: 1
  pin_l0_filter_and_index_blocks_in_cache: 0
  pin_top_level_index_and_filter: 1
  index_type: 0
  data_block_index_type: 0
  index_shortening: 1
  data_block_hash_table_util_ratio: 0.750000
  hash_index_allow_collision: 1
  checksum: 1
  no_block_cache: 0
  block_cache: 0x55d90432a640
  block_cache_name: LRUCache
  block_cache_options:
    capacity : 8388608
    num_shard_bits : 4
    strict_capacity_limit : 0
    memory_allocator : None
    high_pri_pool_ratio: 0.000
  block_cache_compressed: (nil)
  persistent_cache: (nil)
  block_size: 4096
  block_size_deviation: 10
  block_restart_interval: 16
  index_block_restart_interval: 1
  metadata_block_size: 4096
  partition_filters: 0
  use_delta_encoding: 1
  filter_policy: nullptr
  whole_key_filtering: 1
  verify_compression: 0
  read_amp_bytes_per_bit: 0
  format_version: 4
  enable_index_compression: 1
  block_align: 0
2023/10/04-23:41:30.789375 7f65366dccc0        Options.write_buffer_size: 67108864
2023/10/04-23:41:30.789379 7f65366dccc0  Options.max_write_buffer_number: 2
2023/10/04-23:41:30.789382 7f65366dccc0          Options.compression: NoCompression
2023/10/04-23:41:30.789385 7f65366dccc0                  Options.bottommost_compression: Disabled
2023/10/04-23:41:30.789387 7f65366dccc0       Options.prefix_extractor: nullptr
2023/10/04-23:41:30.789390 7f65366dccc0   Options.memtable_insert_with_hint_prefix_extractor: nullptr
2023/10/04-23:41:30.789393 7f65366dccc0             Options.num_levels: 7
2023/10/04-23:41:30.789396 7f65366dccc0        Options.min_write_buffer_number_to_merge: 1
2023/10/04-23:41:30.789399 7f65366dccc0     Options.max_write_buffer_number_to_maintain: 0
2023/10/04-23:41:30.789402 7f65366dccc0     Options.max_write_buffer_size_to_maintain: 0
2023/10/04-23:41:30.789404 7f65366dccc0            Options.bottommost_compression_opts.window_bits: -14
2023/10/04-23:41:30.789407 7f65366dccc0                  Options.bottommost_compression_opts.level: 32767
2023/10/04-23:41:30.789410 7f65366dccc0               Options.bottommost_compression_opts.strategy: 0
2023/10/04-23:41:30.789413 7f65366dccc0         Options.bottommost_compression_opts.max_dict_bytes: 0
2023/10/04-23:41:30.789416 7f65366dccc0         Options.bottommost_compression_opts.zstd_max_train_bytes: 0
2023/10/04-23:41:30.789418 7f65366dccc0         Options.bottommost_compression_opts.parallel_threads: 1
2023/10/04-23:41:30.789421 7f65366dccc0                  Options.bottommost_compression_opts.enabled: false
2023/10/04-23:41:30.789424 7f65366dccc0            Options.compression_opts.window_bits: -14
2023/10/04-23:41:30.789426 7f65366dccc0                  Options.compression_opts.level: 32767
2023/10/04-23:41:30.789429 7f65366dccc0               Options.compression_opts.strategy: 0
2023/10/04-23:41:30.789432 7f65366dccc0         Options.compression_opts.max_dict_bytes: 0
2023/10/04-23:41:30.789435 7f65366dccc0         Options.compression_opts.zstd_max_train_bytes: 0
2023/10/04-23:41:30.789437 7f65366dccc0         Options.compression_opts.parallel_threads: 1
2023/10/04-23:41:30.789440 7f65366dccc0                  Options.compression_opts.enabled: false
2023/10/04-23:41:30.789443 7f65366dccc0      Options.level0_file_num_compaction_trigger: 4
2023/10/04-23:41:30.789446 7f65366dccc0          Options.level0_slowdown_writes_trigger: 20
2023/10/04-23:41:30.789449 7f65366dccc0              Options.level0_stop_writes_trigger: 36
2023/10/04-23:41:30.789451 7f65366dccc0                   Options.target_file_size_base: 67108864
2023/10/04-23:41:30.789454 7f65366dccc0             Options.target_file_size_multiplier: 1
2023/10/04-23:41:30.789457 7f65366dccc0                Options.max_bytes_for_level_base: 268435456
2023/10/04-23:41:30.789460 7f65366dccc0 Options.level_compaction_dynamic_level_bytes: 0
2023/10/04-23:41:30.789463 7f65366dccc0          Options.max_bytes_for_level_multiplier: 10.000000
2023/10/04-23:41:30.789467 7f65366dccc0 Options.max_bytes_for_level_multiplier_addtl[0]: 1
2023/10/04-23:41:30.789470 7f65366dccc0 Options.max_bytes_for_level_multiplier_addtl[1]: 1
2023/10/04-23:41:30.789473 7f65366dccc0 Options.max_bytes_for_level_multiplier_addtl[2]: 1
2023/10/04-23:41:30.789476 7f65366dccc0 Options.max_bytes_for_level_multiplier_addtl[3]: 1
2023/10/04-23:41:30.789479 7f65366dccc0 Options.max_bytes_for_level_multiplier_addtl[4]: 1
2023/10/04-23:41:30.789501 7f65366dccc0 Options.max_bytes_for_level_multiplier_addtl[5]: 1
2023/10/04-23:41:30.789504 7f65366dccc0 Options.max_bytes_for_level_multiplier_addtl[6]: 1
2023/10/04-23:41:30.789507 7f65366dccc0       Options.max_sequential_skip_in_iterations: 8
2023/10/04-23:41:30.789510 7f65366dccc0                    Options.max_compaction_bytes: 1677721600
2023/10/04-23:41:30.789513 7f65366dccc0                        Options.arena_block_size: 8388608
2023/10/04-23:41:30.789515 7f65366dccc0   Options.soft_pending_compaction_bytes_limit: 68719476736
2023/10/04-23:41:30.789518 7f65366dccc0   Options.hard_pending_compaction_bytes_limit: 274877906944
2023/10/04-23:41:30.789521 7f65366dccc0       Options.rate_limit_delay_max_milliseconds: 100
2023/10/04-23:41:30.789524 7f65366dccc0                Options.disable_auto_compactions: 1
2023/10/04-23:41:30.789528 7f65366dccc0                        Options.compaction_style: kCompactionStyleLevel
2023/10/04-23:41:30.789531 7f65366dccc0                          Options.compaction_pri: kMinOverlappingRatio
2023/10/04-23:41:30.789534 7f65366dccc0 Options.compaction_options_universal.size_ratio: 1
2023/10/04-23:41:30.789537 7f65366dccc0 Options.compaction_options_universal.min_merge_width: 2
2023/10/04-23:41:30.789539 7f65366dccc0 Options.compaction_options_universal.max_merge_width: 4294967295
2023/10/04-23:41:30.789542 7f65366dccc0 Options.compaction_options_universal.max_size_amplification_percent: 200
2023/10/04-23:41:30.789545 7f65366dccc0 Options.compaction_options_universal.compression_size_percent: -1
2023/10/04-23:41:30.789548 7f65366dccc0 Options.compaction_options_universal.stop_style: kCompactionStopStyleTotalSize
2023/10/04-23:41:30.789551 7f65366dccc0 Options.compaction_options_fifo.max_table_files_size: 1073741824
2023/10/04-23:41:30.789554 7f65366dccc0 Options.compaction_options_fifo.allow_compaction: 0
2023/10/04-23:41:30.789561 7f65366dccc0                   Options.table_properties_collectors: 
2023/10/04-23:41:30.789564 7f65366dccc0                   Options.inplace_update_support: 0
2023/10/04-23:41:30.789566 7f65366dccc0                 Options.inplace_update_num_locks: 10000
2023/10/04-23:41:30.789569 7f65366dccc0               Options.memtable_prefix_bloom_size_ratio: 0.000000
2023/10/04-23:41:30.789573 7f65366dccc0               Options.memtable_whole_key_filtering: 0
2023/10/04-23:41:30.789576 7f65366dccc0   Options.memtable_huge_page_size: 0
2023/10/04-23:41:30.789578 7f65366dccc0                           Options.bloom_locality: 0
2023/10/04-23:41:30.789581 7f65366dccc0                    Options.max_successive_merges: 0
2023/10/04-23:41:30.789584 7f65366dccc0                Options.optimize_filters_for_hits: 0
2023/10/04-23:41:30.789587 7f65366dccc0                Options.paranoid_file_checks: 0
2023/10/04-23:41:30.789589 7f65366dccc0                Options.force_consistency_checks: 1
2023/10/04-23:41:30.789592 7f65366dccc0                Options.report_bg_io_stats: 0
2023/10/04-23:41:30.789595 7f65366dccc0                               Options.ttl: 2592000
2023/10/04-23:41:30.789598 7f65366dccc0          Options.periodic_compaction_seconds: 2592000
2023/10/04-23:41:30.789601 7f65366dccc0                    Options.enable_blob_files: false
2023/10/04-23:41:30.789603 7f65366dccc0                        Options.min_blob_size: 0
2023/10/04-23:41:30.789606 7f65366dccc0                       Options.blob_file_size: 268435456
2023/10/04-23:41:30.789609 7f65366dccc0                Options.blob_compression_type: NoCompression
2023/10/04-23:41:30.789612 7f65366dccc0       Options.enable_blob_garbage_collection: false
2023/10/04-23:41:30.789615 7f65366dccc0   Options.blob_garbage_collection_age_cutoff: 0.250000
2023/10/04-23:41:30.789721 7f65366dccc0 [db/column_family.cc:595] --------------- Options for column family [NZ]:
2023/10/04-23:41:30.789726 7f65366dccc0               Options.comparator: leveldb.BytewiseComparator
2023/10/04-23:41:30.789729 7f65366dccc0           Options.merge_operator: None
2023/10/04-23:41:30.789732 7f65366dccc0        Options.compaction_filter: filter_outdated
2023/10/04-23:41:30.789754 7f65366dccc0        Options.compaction_filter_factory: None
2023/10/04-23:41:30.789757 7f65366dccc0  Options.sst_partitioner_factory: None
2023/10/04-23:41:30.789760 7f65366dccc0         Options.memtable_factory: SkipListFactory
2023/10/04-23:41:30.789763 7f65366dccc0            Options.table_factory: BlockBasedTable
2023/10/04-23:41:30.789815 7f65366dccc0            table_factory options:   flush_block_policy_factory: FlushBlockBySizePolicyFactory (0x55d90432c8a0)
  cache_index_and_filter_blocks: 0
  cache_index_and_filter_blocks_with_high_priority: 1
  pin_l0_filter_and_index_blocks_in_cache: 0
  pin_top_level_index_and_filter: 1
  index_type: 0
  data_block_index_type: 0
  index_shortening: 1
  data_block_hash_table_util_ratio: 0.750000
  hash_index_allow_collision: 1
  checksum: 1
  no_block_cache: 0
  block_cache: 0x55d90432c8f0
  block_cache_name: LRUCache
  block_cache_options:
    capacity : 8388608
    num_shard_bits : 4
    strict_capacity_limit : 0
    memory_allocator : None
    high_pri_pool_ratio: 0.000
  block_cache_compressed: (nil)
  persistent_cache: (nil)
  block_size: 4096
  block_size_deviation: 10
  block_restart_interval: 16
  index_block_restart_interval: 1
  metadata_block_size: 4096
  partition_filters: 0
  use_delta_encoding: 1
  filter_policy: nullptr
  whole_key_filtering: 1
  verify_compression: 0
  read_amp_bytes_per_bit: 0
  format_version: 4
  enable_index_compression: 1
  block_align: 0
2023/10/04-23:41:30.789819 7f65366dccc0        Options.write_buffer_size: 67108864
2023/10/04-23:41:30.789822 7f65366dccc0  Options.max_write_buffer_number: 2
2023/10/04-23:41:30.789824 7f65366dccc0          Options.compression: NoCompression
2023/10/04-23:41:30.789827 7f65366dccc0                  Options.bottommost_compression: Disabled
2023/10/04-23:41:30.789830 7f65366dccc0       Options.prefix_extractor: nullptr
2023/10/04-23:41:30.789833 7f65366dccc0   Options.memtable_insert_with_hint_prefix_extractor: nullptr
2023/10/04-23:41:30.789836 7f65366dccc0             Options.num_levels: 7
2023/10/04-23:41:30.789838 7f65366dccc0        Options.min_write_buffer_number_to_merge: 1
2023/10/04-23:41:30.789841 7f65366dccc0     Options.max_write_buffer_number_to_maintain: 0
2023/10/04-23:41:30.789844 7f65366dccc0     Options.max_write_buffer_size_to_maintain: 0
2023/10/04-23:41:30.789847 7f65366dccc0            Options.bottommost_compression_opts.window_bits: -14
2023/10/04-23:41:30.789850 7f65366dccc0                  Options.bottommost_compression_opts.level: 32767
2023/10/04-23:41:30.789852 7f65366dccc0               Options.bottommost_compression_opts.strategy: 0
2023/10/04-23:41:30.789855 7f65366dccc0         Options.bottommost_compression_opts.max_dict_bytes: 0
2023/10/04-23:41:30.789858 7f65366dccc0         Options.bottommost_compression_opts.zstd_max_train_bytes: 0
2023/10/04-23:41:30.789861 7f65366dccc0         Options.bottommost_compression_opts.parallel_threads: 1
